Contract Code,Metric,Value1,Value2,Value3,Value4,Value5,Date
IMOEXF,Открытые позиции,424697,215809,58306,267194,966006,2025-02-18
IMOEXF,Изменение,-9917,9667,12983,-6601,6132,2025-02-18
IMOEXF,Количество лиц,5357,2769,32,16,8174,2025-02-18
SBER,Открытые позиции,180263,73651,218652,325264,797830,2025-02-18
SBER,Изменение,23609,-6011,-21223,8397,4772,2025-02-18
SBER,Количество лиц,5301,2086,68,64,7519,2025-02-18
GAZP,Открытые позиции,155264,99073,207943,264134,726414,2025-02-18
GAZP,Изменение,1955,6014,21866,17807,47642,2025-02-18
GAZP,Количество лиц,3000,2289,47,105,5441,2025-02-18
SMLT,Открытые позиции,288260,157946,3259,133573,583038,2025-02-18
SMLT,Изменение,11175,-4473,0,15648,22350,2025-02-18
SMLT,Количество лиц,1076,643,1,39,1759,2025-02-18
GMKN,Открытые позиции,352834,108104,99467,344197,904602,2025-02-18
GMKN,Изменение,-28961,33839,29485,-33315,1048,2025-02-18
GMKN,Количество лиц,1703,604,15,50,2372,2025-02-18
YDEX,Открытые позиции,182173,42462,15418,155129,395182,2025-02-18
YDEX,Изменение,10379,2720,-47,7612,20664,2025-02-18
YDEX,Количество лиц,1328,393,6,46,1773,2025-02-18
MGNT,Открытые позиции,55506,67067,159173,147612,429358,2025-02-18
MGNT,Изменение,1677,-587,31,2295,3416,2025-02-18
MGNT,Количество лиц,1051,406,8,41,1506,2025-02-18
ABIO,Открытые позиции,15169,5093,0,10076,30338,2025-02-18
ABIO,Изменение,342,51,0,291,684,2025-02-18
ABIO,Количество лиц,83,31,0,10,124,2025-02-18
VTBR,Открытые позиции,172728,33807,61921,200842,469298,2025-02-18
VTBR,Изменение,31232,16719,9262,23775,80988,2025-02-18
VTBR,Количество лиц,2759,904,14,51,3728,2025-02-18
SGZH,Открытые позиции,125459,118746,1132,7845,253182,2025-02-18
SGZH,Изменение,-6257,38773,952,-44078,-10610,2025-02-18
SGZH,Количество лиц,828,659,3,5,1495,2025-02-18
TRNFP,Открытые позиции,127676,20423,2588,109841,260528,2025-02-18
TRNFP,Изменение,10966,1749,299,9516,22530,2025-02-18
TRNFP,Количество лиц,805,186,3,20,1014,2025-02-18
WUSH,Открытые позиции,53592,19695,743,34640,108670,2025-02-18
WUSH,Изменение,1084,-399,-331,1152,1506,2025-02-18
WUSH,Количество лиц,480,146,2,18,646,2025-02-18
VKCO,Открытые позиции,83925,14238,3553,73240,174956,2025-02-18
VKCO,Изменение,-2074,-588,-442,-1928,-5032,2025-02-18
VKCO,Количество лиц,1014,278,4,26,1322,2025-02-18
BABA,Открытые позиции,5949,7307,1735,377,15368,2025-02-18
BABA,Изменение,1112,2054,647,-295,3518,2025-02-18
BABA,Количество лиц,371,272,2,2,647,2025-02-18
BIDU,Открытые позиции,19174,2352,0,16822,38348,2025-02-18
BIDU,Изменение,951,994,0,-43,1902,2025-02-18
BIDU,Количество лиц,294,47,0,2,343,2025-02-18
SIBN,Открытые позиции,31242,4928,15,26329,62514,2025-02-18
SIBN,Изменение,10055,253,14,9816,20138,2025-02-18
SIBN,Количество лиц,913,138,2,25,1078,2025-02-18
RNFT,Открытые позиции,36132,39813,4862,1181,81988,2025-02-18
RNFT,Изменение,4427,79,-3230,1118,2394,2025-02-18
RNFT,Количество лиц,308,318,2,9,637,2025-02-18
MVID,Открытые позиции,20409,23848,3581,142,47980,2025-02-18
MVID,Изменение,737,-739,-1551,-75,-1628,2025-02-18
MVID,Количество лиц,184,185,2,3,374,2025-02-18
PIKK,Открытые позиции,7496,68497,62481,1480,139954,2025-02-18
PIKK,Изменение,345,-3333,-3608,70,-6526,2025-02-18
PIKK,Количество лиц,312,985,6,14,1317,2025-02-18
BELU,Открытые позиции,39781,10414,0,29367,79562,2025-02-18
BELU,Изменение,2422,381,0,2041,4844,2025-02-18
BELU,Количество лиц,220,66,0,7,293,2025-02-18
MTLR,Открытые позиции,8809,20822,14761,2748,47140,2025-02-18
MTLR,Изменение,190,-537,-845,-118,-1310,2025-02-18
MTLR,Количество лиц,531,422,6,10,969,2025-02-18
POSI,Открытые позиции,115691,98073,3925,21543,239232,2025-02-18
POSI,Изменение,4840,13999,2224,-6935,14128,2025-02-18
POSI,Количество лиц,1321,536,6,11,1874,2025-02-18
ASTR,Открытые позиции,68754,12680,0,56074,137508,2025-02-18
ASTR,Изменение,726,847,0,-121,1452,2025-02-18
ASTR,Количество лиц,473,93,0,12,578,2025-02-18
SOFL,Открытые позиции,23052,3249,0,19803,46104,2025-02-18
SOFL,Изменение,3482,559,0,2923,6964,2025-02-18
SOFL,Количество лиц,220,48,0,11,279,2025-02-18
ALRS,Открытые позиции,24600,7600,79361,96361,207922,2025-02-18
ALRS,Изменение,1901,-1470,14,3385,3830,2025-02-18
ALRS,Количество лиц,579,253,6,31,869,2025-02-18
NLMK,Открытые позиции,33185,4179,2230,31236,70830,2025-02-18
NLMK,Изменение,185,-138,119,442,608,2025-02-18
NLMK,Количество лиц,520,235,5,20,780,2025-02-18
AFLT,Открытые позиции,27689,21787,2697,8599,60772,2025-02-18
AFLT,Изменение,4568,1283,-169,3116,8798,2025-02-18
AFLT,Количество лиц,686,429,6,24,1145,2025-02-18
BANE,Открытые позиции,5181,9956,4880,105,20122,2025-02-18
BANE,Изменение,-33,-158,-290,-165,-646,2025-02-18
BANE,Количество лиц,150,111,4,3,268,2025-02-18
RUAL,Открытые позиции,9491,4578,463,5376,19908,2025-02-18
RUAL,Изменение,-2143,-260,40,-1843,-4206,2025-02-18
RUAL,Количество лиц,298,131,2,17,448,2025-02-18
LEAS,Открытые позиции,29548,7212,1,22337,59098,2025-02-18
LEAS,Изменение,4116,-2627,-1285,5458,5662,2025-02-18
LEAS,Количество лиц,200,97,1,12,310,2025-02-18
AFKS,Открытые позиции,11268,12455,2119,932,26774,2025-02-18
AFKS,Изменение,638,338,-1032,-732,-788,2025-02-18
AFKS,Количество лиц,400,309,7,13,729,2025-02-18
RTKM,Открытые позиции,9483,6053,48424,51854,115814,2025-02-18
RTKM,Изменение,1032,-148,26,1206,2116,2025-02-18
RTKM,Количество лиц,331,139,3,22,495,2025-02-18
SFIN,Открытые позиции,19255,5084,136,14307,38782,2025-02-18
SFIN,Изменение,287,17,0,270,574,2025-02-18
SFIN,Количество лиц,226,58,1,8,293,2025-02-18
MOEX,Открытые позиции,16411,4817,535,12129,33892,2025-02-18
MOEX,Изменение,4882,-614,86,5582,9936,2025-02-18
MOEX,Количество лиц,1072,200,4,41,1317,2025-02-18
SBERP,Открытые позиции,7517,1965,121,5673,15276,2025-02-18
SBERP,Изменение,1349,303,-77,969,2544,2025-02-18
SBERP,Количество лиц,384,118,3,26,531,2025-02-18
ROSN,Открытые позиции,6333,2973,9370,12730,31406,2025-02-18
ROSN,Изменение,472,300,-44,128,856,2025-02-18
ROSN,Количество лиц,604,311,12,35,962,2025-02-18
T,Открытые позиции,19513,4714,382,15181,39790,2025-02-18
T,Изменение,727,39,4,692,1462,2025-02-18
T,Количество лиц,747,245,3,28,1023,2025-02-18
FESH,Открытые позиции,7270,5603,0,1667,14540,2025-02-18
FESH,Изменение,-954,-477,0,-477,-1908,2025-02-18
FESH,Количество лиц,163,108,0,11,282,2025-02-18
PHOR,Открытые позиции,306,274,5,16,601,2025-02-18
PHOR,Изменение,43314,9455,713,34572,88054,2025-02-18
PHOR,Количество лиц,-224,4783,15,-1027,-2,2025-02-18
SVCB,Открытые позиции,70857,10056,700,61501,143114,2025-02-18
SVCB,Изменение,6171,155,0,6016,12342,2025-02-18
SVCB,Количество лиц,768,121,1,18,908,2025-02-18
CBOM,Открытые позиции,906,6471,6384,819,14580,2025-02-18
CBOM,Изменение,2,-125,-10,117,-16,2025-02-18
CBOM,Количество лиц,56,176,1,11,244,2025-02-18
LKOH,Открытые позиции,5888,4650,4560,5798,20896,2025-02-18
LKOH,Изменение,680,288,125,517,1610,2025-02-18
LKOH,Количество лиц,665,349,16,26,1056,2025-02-18
KMAZ,Открытые позиции,9701,2340,0,7361,19402,2025-02-18
KMAZ,Изменение,532,-435,-8,959,1048,2025-02-18
KMAZ,Количество лиц,136,55,0,12,203,2025-02-18
SNGS,Открытые позиции,11624,2216,2223,11631,27694,2025-02-18
SNGS,Изменение,53,-22,11,86,128,2025-02-18
SNGS,Количество лиц,366,126,7,34,533,2025-02-18
HYDR,Открытые позиции,10138,4046,109,6201,20494,2025-02-18
HYDR,Изменение,192,369,-93,-270,198,2025-02-18
HYDR,Количество лиц,221,121,3,15,360,2025-02-18
NVTK,Открытые позиции,4805,2838,898,2865,11406,2025-02-18
NVTK,Изменение,482,176,105,411,1174,2025-02-18
NVTK,Количество лиц,510,272,7,19,808,2025-02-18
FEES,Открытые позиции,4237,573,389,4053,9252,2025-02-18
FEES,Изменение,-21,88,-2,-111,-46,2025-02-18
FEES,Количество лиц,209,55,2,9,275,2025-02-18
MAGN,Открытые позиции,2024,1495,945,1474,5938,2025-02-18
MAGN,Изменение,-121,-272,-156,-5,-554,2025-02-18
MAGN,Количество лиц,268,79,5,9,361,2025-02-18
BSPB,Открытые позиции,16625,7522,56,9159,33362,2025-02-18
BSPB,Изменение,733,-237,-56,914,1354,2025-02-18
BSPB,Количество лиц,339,174,2,13,528,2025-02-18
TATN,Открытые позиции,807,2869,2109,47,5832,2025-02-18
TATN,Изменение,-38,289,261,-66,446,2025-02-18
TATN,Количество лиц,125,133,10,6,274,2025-02-18
FLOT,Открытые позиции,6309,3014,741,4036,14100,2025-02-18
FLOT,Изменение,652,606,-59,-13,1186,2025-02-18
FLOT,Количество лиц,291,149,3,14,457,2025-02-18
MTSS,Открытые позиции,3342,4123,1424,643,9532,2025-02-18
MTSS,Изменение,179,-280,-200,259,-42,2025-02-18
MTSS,Количество лиц,239,220,7,13,479,2025-02-18
TATNP,Открытые позиции,1638,892,642,1388,4560,2025-02-18
TATNP,Изменение,132,-220,-131,221,2,2025-02-18
TATNP,Количество лиц,106,57,3,7,173,2025-02-18
CHMF,Открытые позиции,505,1556,1061,10,3132,2025-02-18
CHMF,Изменение,-40,-3,38,1,-4,2025-02-18
CHMF,Количество лиц,153,90,9,6,258,2025-02-18
RASP,Открытые позиции,2965,4337,1973,601,9876,2025-02-18
RASP,Изменение,-582,75,637,-20,110,2025-02-18
RASP,Количество лиц,111,84,4,3,202,2025-02-18
IRAO,Открытые позиции,2616,833,818,2601,6868,2025-02-18
IRAO,Изменение,-136,59,-4,-199,-280,2025-02-18
IRAO,Количество лиц,260,47,3,13,323,2025-02-18
SNGSP,Открытые позиции,3263,1471,117,1909,6760,2025-02-18
SNGSP,Изменение,13,-158,13,184,52,2025-02-18
SNGSP,Количество лиц,331,73,6,15,425,2025-02-18
PLZL,Открытые позиции,646,1993,2662,1315,6616,2025-02-18
PLZL,Изменение,57,-162,-91,128,-68,2025-02-18
PLZL,Количество лиц,169,303,11,19,502,2025-02-18
SPBE,Открытые позиции,4177,3452,264,989,8882,2025-02-18
SPBE,Изменение,1072,932,263,403,2670,2025-02-18
SPBE,Количество лиц,139,81,2,4,226,2025-02-18
