Contract Code,Metric,Value1,Value2,Value3,Value4,Value5,Date
IMOEXF,Открытые позиции,576977,222588,43627,398016,1241208,2025-03-18
IMOEXF,Изменение,35273,21559,-16755,-3041,37036,2025-03-18
IMOEXF,Количество лиц,7328,2164,28,37,9557,2025-03-18
SBER,Открытые позиции,170784,84601,171835,258018,685238,2025-03-18
SBER,Изменение,11453,2971,4502,12984,31910,2025-03-18
SBER,Количество лиц,4620,1784,67,75,6546,2025-03-18
GAZP,Открытые позиции,256782,52525,191771,396028,897106,2025-03-18
GAZP,Изменение,5262,-9408,12510,27180,35544,2025-03-18
GAZP,Количество лиц,3098,1448,48,59,4653,2025-03-18
SMLT,Открытые позиции,225963,129392,10464,107035,472854,2025-03-18
SMLT,Изменение,-32419,-18261,5076,-9082,-54686,2025-03-18
SMLT,Количество лиц,926,499,12,23,1460,2025-03-18
GMKN,Открытые позиции,423169,95864,105269,432574,1056876,2025-03-18
GMKN,Изменение,13817,4063,13055,22809,53744,2025-03-18
GMKN,Количество лиц,1577,494,21,52,2144,2025-03-18
YDEX,Открытые позиции,147105,32256,29463,144312,353136,2025-03-18
YDEX,Изменение,-1543,-4698,10518,13673,17950,2025-03-18
YDEX,Количество лиц,1339,318,16,36,1709,2025-03-18
MGNT,Открытые позиции,71397,46659,177101,201839,496996,2025-03-18
MGNT,Изменение,1986,-1858,5389,9233,14750,2025-03-18
MGNT,Количество лиц,1122,311,22,41,1496,2025-03-18
ABIO,Открытые позиции,13780,2951,0,10829,27560,2025-03-18
ABIO,Изменение,-311,-25,-9,-295,-640,2025-03-18
ABIO,Количество лиц,69,41,0,9,119,2025-03-18
VTBR,Открытые позиции,213395,18230,49868,245033,526526,2025-03-18
VTBR,Изменение,1067,-295,8432,9794,18998,2025-03-18
VTBR,Количество лиц,2861,564,23,55,3503,2025-03-18
SGZH,Открытые позиции,82926,93621,20000,9305,205852,2025-03-18
SGZH,Изменение,-9051,1364,-661,-11076,-19424,2025-03-18
SGZH,Количество лиц,733,547,6,20,1306,2025-03-18
TRNFP,Открытые позиции,174086,16157,7404,165333,362980,2025-03-18
TRNFP,Изменение,-5773,-247,1266,-4260,-9014,2025-03-18
TRNFP,Количество лиц,933,149,5,21,1108,2025-03-18
WUSH,Открытые позиции,85301,18474,966,67793,172534,2025-03-18
WUSH,Изменение,844,-782,-97,1529,1494,2025-03-18
WUSH,Количество лиц,692,211,3,31,937,2025-03-18
VKCO,Открытые позиции,71877,9106,6124,68895,156002,2025-03-18
VKCO,Изменение,-1486,-726,2125,1365,1278,2025-03-18
VKCO,Количество лиц,844,224,12,25,1105,2025-03-18
BABA,Открытые позиции,11176,24405,18174,4945,58700,2025-03-18
BABA,Изменение,3072,2489,-88,495,5968,2025-03-18
BABA,Количество лиц,374,271,5,4,654,2025-03-18
BIDU,Открытые позиции,35334,5967,1,29368,70670,2025-03-18
BIDU,Изменение,1935,1809,0,126,3870,2025-03-18
BIDU,Количество лиц,220,65,1,4,290,2025-03-18
SIBN,Открытые позиции,45260,3180,236,42316,90992,2025-03-18
SIBN,Изменение,-1430,321,20,-1731,-2820,2025-03-18
SIBN,Количество лиц,838,106,2,22,968,2025-03-18
RNFT,Открытые позиции,39143,19312,1604,21435,81494,2025-03-18
RNFT,Изменение,-1645,4989,944,-5690,-1402,2025-03-18
RNFT,Количество лиц,289,222,2,11,524,2025-03-18
MVID,Открытые позиции,22203,30135,10408,2476,65222,2025-03-18
MVID,Изменение,-4552,-6169,-2365,-748,-13834,2025-03-18
MVID,Количество лиц,204,277,6,6,493,2025-03-18
PIKK,Открытые позиции,13169,33265,22360,2264,71058,2025-03-18
PIKK,Изменение,-1120,-924,2280,2084,2320,2025-03-18
PIKK,Количество лиц,343,372,10,8,733,2025-03-18
BELU,Открытые позиции,27418,11162,149,16405,55134,2025-03-18
BELU,Изменение,1540,2403,129,-734,3338,2025-03-18
BELU,Количество лиц,199,72,1,6,278,2025-03-18
MTLR,Открытые позиции,8663,21350,13529,842,44384,2025-03-18
MTLR,Изменение,-1804,-119,327,-1358,-2954,2025-03-18
MTLR,Количество лиц,414,433,9,6,862,2025-03-18
POSI,Открытые позиции,92610,70146,1278,23742,187776,2025-03-18
POSI,Изменение,-6353,-5673,-80,-760,-12866,2025-03-18
POSI,Количество лиц,1092,184,5,12,1293,2025-03-18
ASTR,Открытые позиции,92884,10430,3127,85581,192022,2025-03-18
ASTR,Изменение,3354,-115,3127,6596,12962,2025-03-18
ASTR,Количество лиц,589,90,3,15,697,2025-03-18
SOFL,Открытые позиции,23969,3520,103,20552,48144,2025-03-18
SOFL,Изменение,-356,12,33,-335,-646,2025-03-18
SOFL,Количество лиц,183,55,2,12,252,2025-03-18
ALRS,Открытые позиции,22587,15957,102044,108674,249262,2025-03-18
ALRS,Изменение,-965,-231,4548,3814,7166,2025-03-18
ALRS,Количество лиц,531,226,26,35,818,2025-03-18
NLMK,Открытые позиции,21078,4693,3231,19616,48618,2025-03-18
NLMK,Изменение,-715,34,-205,-954,-1840,2025-03-18
NLMK,Количество лиц,501,225,5,31,762,2025-03-18
AFLT,Открытые позиции,34407,19353,2547,17601,73908,2025-03-18
AFLT,Изменение,981,259,514,1236,2990,2025-03-18
AFLT,Количество лиц,696,361,10,28,1095,2025-03-18
BANE,Открытые позиции,4455,7173,3435,717,15780,2025-03-18
BANE,Изменение,-814,-979,-183,-18,-1994,2025-03-18
BANE,Количество лиц,129,86,3,6,224,2025-03-18
RUAL,Открытые позиции,32408,6943,1690,27155,68196,2025-03-18
RUAL,Изменение,-136,686,97,-725,-78,2025-03-18
RUAL,Количество лиц,506,179,7,24,716,2025-03-18
LEAS,Открытые позиции,24674,8844,1458,17288,52264,2025-03-18
LEAS,Изменение,257,-744,1300,2301,3114,2025-03-18
LEAS,Количество лиц,194,74,4,8,280,2025-03-18
AFKS,Открытые позиции,7834,5189,565,3210,16798,2025-03-18
AFKS,Изменение,-520,-823,-718,-415,-2476,2025-03-18
AFKS,Количество лиц,301,302,3,19,625,2025-03-18
RTKM,Открытые позиции,12443,5517,60575,67501,146036,2025-03-18
RTKM,Изменение,-1862,-623,2071,832,418,2025-03-18
RTKM,Количество лиц,331,115,14,19,479,2025-03-18
SFIN,Открытые позиции,22181,12831,202,9552,44766,2025-03-18
SFIN,Изменение,3018,5377,202,-2157,6440,2025-03-18
SFIN,Количество лиц,245,98,1,12,356,2025-03-18
MOEX,Открытые позиции,22382,4003,134,18513,45032,2025-03-18
MOEX,Изменение,1324,-326,-36,1614,2576,2025-03-18
MOEX,Количество лиц,1063,150,3,25,1241,2025-03-18
SBERP,Открытые позиции,6401,2197,1676,5880,16154,2025-03-18
SBERP,Изменение,820,201,453,1072,2546,2025-03-18
SBERP,Количество лиц,323,107,7,27,464,2025-03-18
ROSN,Открытые позиции,7763,1956,14367,20174,44260,2025-03-18
ROSN,Изменение,-102,-332,227,457,250,2025-03-18
ROSN,Количество лиц,786,244,18,28,1076,2025-03-18
T,Открытые позиции,13876,2257,1543,13162,30838,2025-03-18
T,Изменение,-2075,25,846,-1254,-2458,2025-03-18
T,Количество лиц,499,125,10,12,646,2025-03-18
FESH,Открытые позиции,5317,4091,466,1692,11566,2025-03-18
FESH,Изменение,-1165,59,459,-765,-1412,2025-03-18
FESH,Количество лиц,135,94,4,9,242,2025-03-18
PHOR,Открытые позиции,43515,3598,24,39941,87078,2025-03-18
PHOR,Изменение,-6,-80,-375,-301,-762,2025-03-18
PHOR,Количество лиц,266,128,2,24,420,2025-03-18
SVCB,Открытые позиции,76834,8541,291,68584,154250,2025-03-18
SVCB,Изменение,-11563,469,201,-11831,-22724,2025-03-18
SVCB,Количество лиц,392,150,1,17,560,2025-03-18
CBOM,Открытые позиции,506,5432,7847,2921,16706,2025-03-18
CBOM,Изменение,-17,-82,479,544,924,2025-03-18
CBOM,Количество лиц,47,162,3,13,225,2025-03-18
LKOH,Открытые позиции,7427,3462,2788,6753,20430,2025-03-18
LKOH,Изменение,-493,232,391,-334,-204,2025-03-18
LKOH,Количество лиц,1031,287,15,22,1355,2025-03-18
KMAZ,Открытые позиции,11586,1357,71,10300,23314,2025-03-18
KMAZ,Изменение,383,-651,2,1036,770,2025-03-18
KMAZ,Количество лиц,180,46,1,8,235,2025-03-18
SNGS,Открытые позиции,14374,1687,993,13680,30734,2025-03-18
SNGS,Изменение,-785,-11,154,-620,-1262,2025-03-18
SNGS,Количество лиц,413,87,11,22,533,2025-03-18
HYDR,Открытые позиции,9418,1782,825,8461,20486,2025-03-18
HYDR,Изменение,-405,-605,-67,133,-944,2025-03-18
HYDR,Количество лиц,237,86,1,14,338,2025-03-18
NVTK,Открытые позиции,5107,2085,1617,4639,13448,2025-03-18
NVTK,Изменение,361,-67,162,590,1046,2025-03-18
NVTK,Количество лиц,646,200,9,22,877,2025-03-18
FEES,Открытые позиции,4423,589,1244,5078,11334,2025-03-18
FEES,Изменение,398,-10,486,894,1768,2025-03-18
FEES,Количество лиц,187,49,2,11,249,2025-03-18
MAGN,Открытые позиции,2980,1597,424,1807,6808,2025-03-18
MAGN,Изменение,-87,-1,86,0,-2,2025-03-18
MAGN,Количество лиц,361,79,5,10,455,2025-03-18
BSPB,Открытые позиции,16229,7353,119,8995,32696,2025-03-18
BSPB,Изменение,901,71,119,949,2040,2025-03-18
BSPB,Количество лиц,301,160,1,13,475,2025-03-18
TATN,Открытые позиции,1431,2863,2149,717,7160,2025-03-18
TATN,Изменение,203,93,33,143,472,2025-03-18
TATN,Количество лиц,286,108,5,20,419,2025-03-18
FLOT,Открытые позиции,9256,2945,676,6987,19864,2025-03-18
FLOT,Изменение,-934,108,48,-994,-1772,2025-03-18
FLOT,Количество лиц,331,101,2,16,450,2025-03-18
MTSS,Открытые позиции,2696,2914,1283,1065,7958,2025-03-18
MTSS,Изменение,101,-201,-63,239,76,2025-03-18
MTSS,Количество лиц,221,167,5,18,411,2025-03-18
TATNP,Открытые позиции,3036,809,1282,3509,8636,2025-03-18
TATNP,Изменение,216,9,-88,119,256,2025-03-18
TATNP,Количество лиц,160,36,2,9,207,2025-03-18
CHMF,Открытые позиции,1021,1399,676,298,3394,2025-03-18
CHMF,Изменение,-35,-90,-25,30,-120,2025-03-18
CHMF,Количество лиц,140,65,8,16,229,2025-03-18
RASP,Открытые позиции,13553,7162,11,6402,27128,2025-03-18
RASP,Изменение,-7,147,1,-153,-12,2025-03-18
RASP,Количество лиц,140,90,2,13,245,2025-03-18
IRAO,Открытые позиции,4455,1287,811,3979,10532,2025-03-18
IRAO,Изменение,-118,-148,-17,13,-270,2025-03-18
IRAO,Количество лиц,355,42,4,10,411,2025-03-18
SNGSP,Открытые позиции,5101,310,106,4897,10414,2025-03-18
SNGSP,Изменение,-39,4,13,-30,-52,2025-03-18
SNGSP,Количество лиц,416,60,6,27,509,2025-03-18
PLZL,Открытые позиции,1092,1425,2720,2387,7624,2025-03-18
PLZL,Изменение,-35,-61,128,154,186,2025-03-18
PLZL,Количество лиц,168,224,4,12,408,2025-03-18
SPBE,Открытые позиции,36219,13796,0,22423,72438,2025-03-18
SPBE,Изменение,11039,-173,0,11212,22078,2025-03-18
SPBE,Количество лиц,640,194,0,16,850,2025-03-18
