Contract Code,Metric,Value1,Value2,Value3,Value4,Value5,Date
IMOEXF,Открытые позиции,495598,187138,31860,340320,1054916,2025-04-04
IMOEXF,Изменение,8471,-7815,-3655,12631,9632,2025-04-04
IMOEXF,Количество лиц,7862,1815,19,41,9737,2025-04-04
SBER,Открытые позиции,92250,68205,56778,80823,298056,2025-04-04
SBER,Изменение,-910,7718,-315,-8943,-2450,2025-04-04
SBER,Количество лиц,2874,1872,24,47,4817,2025-04-04
GAZP,Открытые позиции,192614,34472,215414,373556,816056,2025-04-04
GAZP,Изменение,-4454,1592,4019,-2027,-870,2025-04-04
GAZP,Количество лиц,3344,1090,27,45,4506,2025-04-04
SMLT,Открытые позиции,190775,52918,6603,144460,394756,2025-04-04
SMLT,Изменение,-4273,-5343,267,1337,-8012,2025-04-04
SMLT,Количество лиц,906,323,11,9,1249,2025-04-04
GMKN,Открытые позиции,308915,59392,111208,360731,840246,2025-04-04
GMKN,Изменение,-4536,-1479,-12482,-15539,-34036,2025-04-04
GMKN,Количество лиц,1419,355,11,20,1805,2025-04-04
YDEX,Открытые позиции,108193,18716,24852,114329,266090,2025-04-04
YDEX,Изменение,9106,7440,-2470,-804,13272,2025-04-04
YDEX,Количество лиц,1046,236,4,16,1302,2025-04-04
MGNT,Открытые позиции,80096,7793,12184,84487,184560,2025-04-04
MGNT,Изменение,-3105,-134,-179,-3150,-6568,2025-04-04
MGNT,Количество лиц,1130,219,6,18,1373,2025-04-04
ABIO,Открытые позиции,4419,391,0,4028,8838,2025-04-04
ABIO,Изменение,1216,-33,0,1249,2432,2025-04-04
ABIO,Количество лиц,62,13,0,8,83,2025-04-04
VTBR,Открытые позиции,182870,14209,17722,186383,401184,2025-04-04
VTBR,Изменение,1296,398,-370,528,1852,2025-04-04
VTBR,Количество лиц,2556,461,6,37,3060,2025-04-04
SGZH,Открытые позиции,59603,57437,273,2439,119752,2025-04-04
SGZH,Изменение,-2767,2213,-50,-5030,-5634,2025-04-04
SGZH,Количество лиц,596,292,1,8,897,2025-04-04
TRNFP,Открытые позиции,110192,23779,1892,88305,224168,2025-04-04
TRNFP,Изменение,-8808,1509,-9,-10326,-17634,2025-04-04
TRNFP,Количество лиц,750,142,3,34,929,2025-04-04
WUSH,Открытые позиции,60250,10837,1259,50672,123018,2025-04-04
WUSH,Изменение,431,-2706,-1353,1784,-1844,2025-04-04
WUSH,Количество лиц,613,135,4,16,768,2025-04-04
VKCO,Открытые позиции,71283,30067,1300,42516,145166,2025-04-04
VKCO,Изменение,477,-1176,0,1653,954,2025-04-04
VKCO,Количество лиц,754,363,1,33,1151,2025-04-04
BABA,Открытые позиции,20409,5941,260,14728,41338,2025-04-04
BABA,Изменение,125,3201,0,-3076,250,2025-04-04
BABA,Количество лиц,337,167,2,4,510,2025-04-04
BIDU,Открытые позиции,30863,3184,0,27679,61726,2025-04-04
BIDU,Изменение,-2356,314,0,-2670,-4712,2025-04-04
BIDU,Количество лиц,238,39,0,4,281,2025-04-04
SIBN,Открытые позиции,21848,2006,302,20144,44300,2025-04-04
SIBN,Изменение,-709,-40,68,-601,-1282,2025-04-04
SIBN,Количество лиц,621,83,4,11,719,2025-04-04
RNFT,Открытые позиции,57943,16870,396,41469,116678,2025-04-04
RNFT,Изменение,3654,-1408,-544,4518,6220,2025-04-04
RNFT,Количество лиц,322,161,3,20,506,2025-04-04
MVID,Открытые позиции,13682,13184,1702,2200,30768,2025-04-04
MVID,Изменение,277,1200,1424,501,3402,2025-04-04
MVID,Количество лиц,166,149,2,6,323,2025-04-04
PIKK,Открытые позиции,28438,12801,301,15938,57478,2025-04-04
PIKK,Изменение,-956,887,240,-1603,-1432,2025-04-04
PIKK,Количество лиц,478,257,3,17,755,2025-04-04
BELU,Открытые позиции,41294,31278,449,10465,83486,2025-04-04
BELU,Изменение,1657,1649,-133,-125,3048,2025-04-04
BELU,Количество лиц,254,84,1,6,345,2025-04-04
MTLR,Открытые позиции,10122,17915,7954,161,36152,2025-04-04
MTLR,Изменение,-554,-9,515,-30,-78,2025-04-04
MTLR,Количество лиц,354,297,6,9,666,2025-04-04
POSI,Открытые позиции,95685,97522,9455,7618,210280,2025-04-04
POSI,Изменение,-938,-543,532,137,-812,2025-04-04
POSI,Количество лиц,783,308,6,8,1105,2025-04-04
ASTR,Открытые позиции,66840,14721,602,52721,134884,2025-04-04
ASTR,Изменение,366,5230,-122,-4986,488,2025-04-04
ASTR,Количество лиц,396,101,2,8,507,2025-04-04
SOFL,Открытые позиции,25171,2491,16,22696,50374,2025-04-04
SOFL,Изменение,917,-308,16,1241,1866,2025-04-04
SOFL,Количество лиц,200,44,1,13,258,2025-04-04
ALRS,Открытые позиции,20082,6653,79596,93025,199356,2025-04-04
ALRS,Изменение,1424,1697,-118,-391,2612,2025-04-04
ALRS,Количество лиц,498,202,4,29,733,2025-04-04
NLMK,Открытые позиции,19810,6261,2316,15865,44252,2025-04-04
NLMK,Изменение,-47,407,-40,-494,-174,2025-04-04
NLMK,Количество лиц,483,153,5,13,654,2025-04-04
AFLT,Открытые позиции,27924,14771,1082,14235,58012,2025-04-04
AFLT,Изменение,-1149,1482,-169,-2800,-2636,2025-04-04
AFLT,Количество лиц,519,374,4,30,927,2025-04-04
BANE,Открытые позиции,3208,7926,4771,53,15958,2025-04-04
BANE,Изменение,-347,43,390,0,86,2025-04-04
BANE,Количество лиц,115,80,3,2,200,2025-04-04
RUAL,Открытые позиции,21945,4264,496,18177,44882,2025-04-04
RUAL,Изменение,-289,12,-23,-324,-624,2025-04-04
RUAL,Количество лиц,403,110,3,10,526,2025-04-04
LEAS,Открытые позиции,25516,9297,48,16267,51128,2025-04-04
LEAS,Изменение,1898,760,40,1178,3876,2025-04-04
LEAS,Количество лиц,197,63,2,12,274,2025-04-04
AFKS,Открытые позиции,6654,5446,2622,3830,18552,2025-04-04
AFKS,Изменение,-131,513,462,-182,662,2025-04-04
AFKS,Количество лиц,367,206,4,3,580,2025-04-04
RTKM,Открытые позиции,11117,3551,5213,12779,32660,2025-04-04
RTKM,Изменение,829,702,-719,-592,220,2025-04-04
RTKM,Количество лиц,306,102,3,9,420,2025-04-04
SFIN,Открытые позиции,20475,10236,30,10269,41010,2025-04-04
SFIN,Изменение,166,186,-40,-60,252,2025-04-04
SFIN,Количество лиц,200,57,1,11,269,2025-04-04
MOEX,Открытые позиции,20206,9230,1234,12210,42880,2025-04-04
MOEX,Изменение,469,2619,-41,-2191,856,2025-04-04
MOEX,Количество лиц,1027,198,4,13,1242,2025-04-04
SBERP,Открытые позиции,4773,2273,506,3006,10558,2025-04-04
SBERP,Изменение,-3,4,-36,-43,-78,2025-04-04
SBERP,Количество лиц,285,175,5,12,477,2025-04-04
ROSN,Открытые позиции,8615,1840,10100,16875,37430,2025-04-04
ROSN,Изменение,137,329,-138,-330,-2,2025-04-04
ROSN,Количество лиц,876,202,6,31,1115,2025-04-04
FESH,Открытые позиции,4865,1829,2,3038,9734,2025-04-04
FESH,Изменение,-202,-186,2,-14,-400,2025-04-04
FESH,Количество лиц,89,49,1,13,152,2025-04-04
PHOR,Открытые позиции,19249,2492,3376,20133,45250,2025-04-04
PHOR,Изменение,441,-618,3346,4405,7574,2025-04-04
PHOR,Количество лиц,311,94,3,20,428,2025-04-04
SVCB,Открытые позиции,47793,9940,2382,40235,100350,2025-04-04
SVCB,Изменение,-2609,-1586,-383,-1406,-5984,2025-04-04
SVCB,Количество лиц,391,72,4,6,473,2025-04-04
CBOM,Открытые позиции,717,3110,2734,341,6902,2025-04-04
CBOM,Изменение,163,-432,-333,262,-340,2025-04-04
CBOM,Количество лиц,59,74,3,6,142,2025-04-04
LKOH,Открытые позиции,10467,9808,11209,11868,43352,2025-04-04
LKOH,Изменение,1016,112,-367,537,1298,2025-04-04
LKOH,Количество лиц,1159,309,12,13,1493,2025-04-04
KMAZ,Открытые позиции,9222,5357,211,4076,18866,2025-04-04
KMAZ,Изменение,628,1712,72,-1012,1400,2025-04-04
KMAZ,Количество лиц,144,48,2,9,203,2025-04-04
SNGS,Открытые позиции,8666,1335,3936,11267,25204,2025-04-04
SNGS,Изменение,-428,252,-36,-716,-928,2025-04-04
SNGS,Количество лиц,390,85,6,25,506,2025-04-04
HYDR,Открытые позиции,6321,1206,112,5227,12866,2025-04-04
HYDR,Изменение,283,-134,112,529,790,2025-04-04
HYDR,Количество лиц,211,54,2,14,281,2025-04-04
NVTK,Открытые позиции,4260,989,1918,5189,12356,2025-04-04
NVTK,Изменение,163,48,-169,-54,-12,2025-04-04
NVTK,Количество лиц,605,186,8,28,827,2025-04-04
FEES,Открытые позиции,5126,1325,1,3802,10254,2025-04-04
FEES,Изменение,481,200,1,282,964,2025-04-04
FEES,Количество лиц,163,61,1,8,233,2025-04-04
MAGN,Открытые позиции,4320,596,5,3729,8650,2025-04-04
MAGN,Изменение,360,-5,-212,153,296,2025-04-04
MAGN,Количество лиц,328,81,1,10,420,2025-04-04
BSPB,Открытые позиции,8275,3871,0,4404,16550,2025-04-04
BSPB,Изменение,-20,-654,0,634,-40,2025-04-04
BSPB,Количество лиц,252,113,0,10,375,2025-04-04
TATN,Открытые позиции,1787,1037,1868,2618,7310,2025-04-04
TATN,Изменение,11,114,-125,-228,-228,2025-04-04
TATN,Количество лиц,293,71,4,27,395,2025-04-04
FLOT,Открытые позиции,5992,3041,123,3074,12230,2025-04-04
FLOT,Изменение,-405,60,72,-393,-666,2025-04-04
FLOT,Количество лиц,234,96,2,15,347,2025-04-04
MTSS,Открытые позиции,2372,1728,1107,1751,6958,2025-04-04
MTSS,Изменение,215,182,-7,26,416,2025-04-04
MTSS,Количество лиц,197,128,4,15,344,2025-04-04
TATNP,Открытые позиции,2001,247,353,2107,4708,2025-04-04
TATNP,Изменение,-182,103,152,-133,-60,2025-04-04
TATNP,Количество лиц,140,33,2,7,182,2025-04-04
CHMF,Открытые позиции,1226,257,638,1607,3728,2025-04-04
CHMF,Изменение,103,72,-13,18,180,2025-04-04
CHMF,Количество лиц,200,48,6,7,261,2025-04-04
RASP,Открытые позиции,8153,5092,0,3061,16306,2025-04-04
RASP,Изменение,125,93,0,32,250,2025-04-04
RASP,Количество лиц,118,60,0,11,189,2025-04-04
IRAO,Открытые позиции,3074,2042,755,1787,7658,2025-04-04
IRAO,Изменение,-5,0,-10,-15,-30,2025-04-04
IRAO,Количество лиц,283,43,3,8,337,2025-04-04
SNGSP,Открытые позиции,4542,687,769,4624,10622,2025-04-04
SNGSP,Изменение,-53,149,-90,-292,-286,2025-04-04
SNGSP,Количество лиц,380,87,3,21,491,2025-04-04
PLZL,Открытые позиции,581,971,653,263,2468,2025-04-04
PLZL,Изменение,45,-192,-168,69,-246,2025-04-04
PLZL,Количество лиц,164,161,5,10,340,2025-04-04
SPBE,Открытые позиции,36172,11835,93,24430,72530,2025-04-04
SPBE,Изменение,-522,3281,-41,-3844,-1126,2025-04-04
SPBE,Количество лиц,538,186,2,13,739,2025-04-04
