Contract Code,Metric,Value1,Value2,Value3,Value4,Value5,Date
IMOEXF,Открытые позиции,533164,359871,24317,197610,1114962,2025-09-11
IMOEXF,Изменение,6911,7221,-3229,-3539,7364,2025-09-11
IMOEXF,Количество лиц,9134,3199,36,37,12406,2025-09-11
SBER,Открытые позиции,147867,55955,361827,453739,1019388,2025-09-11
SBER,Изменение,-4723,6977,16437,4737,23428,2025-09-11
SBER,Количество лиц,3152,1654,54,60,4920,2025-09-11
GAZP,Открытые позиции,320631,57460,507052,770223,1655366,2025-09-11
GAZP,Изменение,15928,8624,9453,16757,50762,2025-09-11
GAZP,Количество лиц,4302,1062,48,46,5458,2025-09-11
SMLT,Открытые позиции,740628,206917,22362,556073,1525980,2025-09-11
SMLT,Изменение,-14140,21357,17866,-17631,7452,2025-09-11
SMLT,Количество лиц,1761,450,9,18,2238,2025-09-11
GMKN,Открытые позиции,394575,115234,330906,610247,1450962,2025-09-11
GMKN,Изменение,-13521,4071,12636,-4956,-1770,2025-09-11
GMKN,Количество лиц,1667,453,15,25,2160,2025-09-11
YDEX,Открытые позиции,133793,20782,6291,119302,280168,2025-09-11
YDEX,Изменение,-5948,2108,-2855,-10911,-17606,2025-09-11
YDEX,Количество лиц,1318,230,8,30,1586,2025-09-11
MGNT,Открытые позиции,140990,8501,13736,146225,309452,2025-09-11
MGNT,Изменение,6822,-643,-2448,5017,8748,2025-09-11
MGNT,Количество лиц,1637,209,13,31,1890,2025-09-11
ABIO,Открытые позиции,3232,336,257,3153,6978,2025-09-11
ABIO,Изменение,135,-40,19,194,308,2025-09-11
ABIO,Количество лиц,62,17,3,7,89,2025-09-11
VTBR,Открытые позиции,430366,45471,68498,453393,997728,2025-09-11
VTBR,Изменение,2818,906,2894,4806,11424,2025-09-11
VTBR,Количество лиц,3882,744,26,42,4694,2025-09-11
SGZH,Открытые позиции,49628,64425,28854,14057,156964,2025-09-11
SGZH,Изменение,873,-78,-46,905,1654,2025-09-11
SGZH,Количество лиц,448,219,5,19,691,2025-09-11
TRNFP,Открытые позиции,154260,35229,798264,917295,1905048,2025-09-11
TRNFP,Изменение,7650,-1578,-560,8668,14180,2025-09-11
TRNFP,Количество лиц,690,198,6,30,924,2025-09-11
WUSH,Открытые позиции,94341,31658,1202,63885,191086,2025-09-11
WUSH,Изменение,-2295,-1670,97,-528,-4396,2025-09-11
WUSH,Количество лиц,734,265,2,21,1022,2025-09-11
VKCO,Открытые позиции,59584,27949,26212,57847,171592,2025-09-11
VKCO,Изменение,930,-408,-748,590,364,2025-09-11
VKCO,Количество лиц,688,375,9,22,1094,2025-09-11
SIBN,Открытые позиции,14152,5743,4430,12839,37164,2025-09-11
SIBN,Изменение,-235,-51,30,-154,-410,2025-09-11
SIBN,Количество лиц,342,103,7,18,470,2025-09-11
RNFT,Открытые позиции,32102,14259,643,18486,65490,2025-09-11
RNFT,Изменение,43,115,29,-43,144,2025-09-11
RNFT,Количество лиц,328,87,3,11,429,2025-09-11
MVID,Открытые позиции,7241,56504,49563,300,113608,2025-09-11
MVID,Изменение,-1849,5666,7815,300,11932,2025-09-11
MVID,Количество лиц,108,178,6,2,294,2025-09-11
PIKK,Открытые позиции,44340,24008,5606,25938,99892,2025-09-11
PIKK,Изменение,-53,8350,2743,-5660,5380,2025-09-11
PIKK,Количество лиц,787,368,9,19,1183,2025-09-11
BELU,Открытые позиции,152549,8505,68275,212319,441648,2025-09-11
BELU,Изменение,16867,-572,37859,55298,109452,2025-09-11
BELU,Количество лиц,441,64,4,7,516,2025-09-11
MTLR,Открытые позиции,15849,20248,12189,7790,56076,2025-09-11
MTLR,Изменение,-2529,-570,1444,-515,-2170,2025-09-11
MTLR,Количество лиц,496,230,6,12,744,2025-09-11
POSI,Открытые позиции,48443,28174,7982,28251,112850,2025-09-11
POSI,Изменение,1265,787,681,1159,3892,2025-09-11
POSI,Количество лиц,489,133,6,21,649,2025-09-11
ASTR,Открытые позиции,67173,38076,6356,35453,147058,2025-09-11
ASTR,Изменение,-6111,-1625,1051,-3435,-10120,2025-09-11
ASTR,Количество лиц,421,129,4,12,566,2025-09-11
SOFL,Открытые позиции,25595,3262,248,22581,51686,2025-09-11
SOFL,Изменение,-6729,379,-231,-7339,-13920,2025-09-11
SOFL,Количество лиц,280,49,2,15,346,2025-09-11
ALRS,Открытые позиции,30317,5534,64470,89253,189574,2025-09-11
ALRS,Изменение,-1028,411,9246,7807,16436,2025-09-11
ALRS,Количество лиц,595,172,20,14,801,2025-09-11
NLMK,Открытые позиции,25349,2550,10456,33255,71610,2025-09-11
NLMK,Изменение,-844,87,-351,-1282,-2390,2025-09-11
NLMK,Количество лиц,598,144,11,24,777,2025-09-11
AFLT,Открытые позиции,42844,7783,35283,70344,156254,2025-09-11
AFLT,Изменение,-1453,-602,309,-542,-2288,2025-09-11
AFLT,Количество лиц,1019,233,20,12,1284,2025-09-11
BANE,Открытые позиции,5519,4112,680,2087,12398,2025-09-11
BANE,Изменение,-198,-72,219,93,42,2025-09-11
BANE,Количество лиц,141,66,5,12,224,2025-09-11
RUAL,Открытые позиции,45910,10657,6171,41424,104162,2025-09-11
RUAL,Изменение,67,-917,-217,767,-300,2025-09-11
RUAL,Количество лиц,581,129,8,15,733,2025-09-11
LEAS,Открытые позиции,67451,30429,755,37777,136412,2025-09-11
LEAS,Изменение,-1822,3124,333,-4613,-2978,2025-09-11
LEAS,Количество лиц,388,125,3,10,526,2025-09-11
AFKS,Открытые позиции,7791,11253,8104,4642,31790,2025-09-11
AFKS,Изменение,368,2392,1957,-67,4650,2025-09-11
AFKS,Количество лиц,388,197,13,4,602,2025-09-11
RTKM,Открытые позиции,8286,22171,27313,13428,71198,2025-09-11
RTKM,Изменение,-115,-120,53,58,-124,2025-09-11
RTKM,Количество лиц,273,235,6,20,534,2025-09-11
SFIN,Открытые позиции,28302,2236,50,26116,56704,2025-09-11
SFIN,Изменение,-797,127,21,-903,-1552,2025-09-11
SFIN,Количество лиц,209,30,1,18,258,2025-09-11
MOEX,Открытые позиции,20089,3299,15553,32343,71284,2025-09-11
MOEX,Изменение,100,92,118,126,436,2025-09-11
MOEX,Количество лиц,582,121,12,25,740,2025-09-11
SBERP,Открытые позиции,8655,3996,11366,16025,40042,2025-09-11
SBERP,Изменение,-466,535,119,-882,-694,2025-09-11
SBERP,Количество лиц,414,114,11,14,553,2025-09-11
ROSN,Открытые позиции,9809,2706,15657,22760,50932,2025-09-11
ROSN,Изменение,-856,-344,2535,2023,3358,2025-09-11
ROSN,Количество лиц,840,266,17,31,1154,2025-09-11
FESH,Открытые позиции,8104,508,3,7599,16214,2025-09-11
FESH,Изменение,179,-107,-1,285,356,2025-09-11
FESH,Количество лиц,131,40,1,24,196,2025-09-11
PHOR,Открытые позиции,8942,12995,10454,6401,38792,2025-09-11
PHOR,Изменение,231,-1168,-789,610,-1116,2025-09-11
PHOR,Количество лиц,292,265,7,14,578,2025-09-11
SVCB,Открытые позиции,161794,19082,13164,155876,349916,2025-09-11
SVCB,Изменение,2105,-497,-2463,139,-716,2025-09-11
SVCB,Количество лиц,830,100,6,17,953,2025-09-11
CBOM,Открытые позиции,1330,5236,5321,1415,13302,2025-09-11
CBOM,Изменение,139,696,460,-97,1198,2025-09-11
CBOM,Количество лиц,64,89,4,14,171,2025-09-11
LKOH,Открытые позиции,11170,5367,15214,21017,52768,2025-09-11
LKOH,Изменение,-115,-191,1158,1234,2086,2025-09-11
LKOH,Количество лиц,925,402,25,33,1385,2025-09-11
KMAZ,Открытые позиции,12091,3464,5140,13767,34462,2025-09-11
KMAZ,Изменение,504,-61,-23,542,962,2025-09-11
KMAZ,Количество лиц,154,76,5,12,247,2025-09-11
SNGS,Открытые позиции,7479,769,11260,17970,37478,2025-09-11
SNGS,Изменение,144,2,58,200,404,2025-09-11
SNGS,Количество лиц,413,72,16,14,515,2025-09-11
HYDR,Открытые позиции,7946,7095,9995,10846,35882,2025-09-11
HYDR,Изменение,603,-44,-177,470,852,2025-09-11
HYDR,Количество лиц,271,159,5,15,450,2025-09-11
NVTK,Открытые позиции,6516,1709,3125,7932,19282,2025-09-11
NVTK,Изменение,-52,-163,-332,-221,-768,2025-09-11
NVTK,Количество лиц,774,234,15,16,1039,2025-09-11
FEES,Открытые позиции,9522,883,821,9460,20686,2025-09-11
FEES,Изменение,-27,-64,-230,-193,-514,2025-09-11
FEES,Количество лиц,220,62,5,13,300,2025-09-11
MAGN,Открытые позиции,3768,266,2763,6265,13062,2025-09-11
MAGN,Изменение,-17,-73,72,128,110,2025-09-11
MAGN,Количество лиц,379,57,15,13,464,2025-09-11
BSPB,Открытые позиции,16345,9460,3352,10237,39394,2025-09-11
BSPB,Изменение,56,434,-189,-567,-266,2025-09-11
BSPB,Количество лиц,309,168,7,10,494,2025-09-11
TATN,Открытые позиции,1912,5465,4579,1026,12982,2025-09-11
TATN,Изменение,90,1,36,125,252,2025-09-11
TATN,Количество лиц,207,263,11,14,495,2025-09-11
FLOT,Открытые позиции,6409,4598,1122,2933,15062,2025-09-11
FLOT,Изменение,-206,-126,-86,-166,-584,2025-09-11
FLOT,Количество лиц,223,178,3,12,416,2025-09-11
MTSS,Открытые позиции,3367,3369,15591,15589,37916,2025-09-11
MTSS,Изменение,182,-13,-26,169,312,2025-09-11
MTSS,Количество лиц,230,185,13,12,440,2025-09-11
TATNP,Открытые позиции,2341,947,2418,3812,9518,2025-09-11
TATNP,Изменение,-444,6,146,-304,-596,2025-09-11
TATNP,Количество лиц,146,59,4,7,216,2025-09-11
CHMF,Открытые позиции,1159,426,1526,2259,5370,2025-09-11
CHMF,Изменение,113,-14,-133,-6,-40,2025-09-11
CHMF,Количество лиц,274,69,11,17,371,2025-09-11
RASP,Открытые позиции,6283,5515,1373,2141,15312,2025-09-11
RASP,Изменение,105,-26,-19,112,172,2025-09-11
RASP,Количество лиц,130,48,6,15,199,2025-09-11
IRAO,Открытые позиции,3190,194,1319,4315,9018,2025-09-11
IRAO,Изменение,-178,-23,109,-46,-138,2025-09-11
IRAO,Количество лиц,292,41,6,18,357,2025-09-11
SNGSP,Открытые позиции,5984,1143,9459,14300,30886,2025-09-11
SNGSP,Изменение,-153,-308,42,197,-222,2025-09-11
SNGSP,Количество лиц,489,129,8,16,642,2025-09-11
PLZL,Открытые позиции,665,2565,3116,1216,7562,2025-09-11
PLZL,Изменение,48,-20,-45,23,6,2025-09-11
PLZL,Количество лиц,156,264,16,9,445,2025-09-11
SPBE,Открытые позиции,56985,25391,43101,74695,200172,2025-09-11
SPBE,Изменение,-2092,-1073,-2625,-3644,-9434,2025-09-11
SPBE,Количество лиц,795,313,7,28,1143,2025-09-11
