Contract Code,Metric,Value1,Value2,Value3,Value4,Value5,Date
IMOEXF,Открытые позиции,500665,195454,58909,364120,1119148,2025-03-13
IMOEXF,Изменение,13166,3088,-2220,7858,21892,2025-03-13
IMOEXF,Количество лиц,6990,2188,27,36,9241,2025-03-13
SBER,Открытые позиции,156454,73945,141028,223537,594964,2025-03-13
SBER,Изменение,-5874,-2306,15749,12181,19750,2025-03-13
SBER,Количество лиц,4685,1870,74,57,6686,2025-03-13
GAZP,Открытые позиции,218842,56396,201604,364050,840892,2025-03-13
GAZP,Изменение,9752,643,-2460,6649,14584,2025-03-13
GAZP,Количество лиц,2966,1627,49,56,4698,2025-03-13
SMLT,Открытые позиции,261022,154264,6357,113115,534758,2025-03-13
SMLT,Изменение,-2341,-4696,2352,4707,22,2025-03-13
SMLT,Количество лиц,978,567,8,34,1587,2025-03-13
GMKN,Открытые позиции,349381,96658,130311,383034,959384,2025-03-13
GMKN,Изменение,841,3275,2475,41,6632,2025-03-13
GMKN,Количество лиц,1508,646,15,43,2212,2025-03-13
YDEX,Открытые позиции,146691,33904,33022,145809,359426,2025-03-13
YDEX,Изменение,-10095,-404,2778,-6913,-14634,2025-03-13
YDEX,Количество лиц,1392,340,13,44,1789,2025-03-13
MGNT,Открытые позиции,71291,56388,148218,163121,439018,2025-03-13
MGNT,Изменение,-922,-4397,-128,3347,-2100,2025-03-13
MGNT,Количество лиц,1187,382,13,28,1610,2025-03-13
ABIO,Открытые позиции,14958,3110,0,11848,29916,2025-03-13
ABIO,Изменение,571,-136,-50,657,1042,2025-03-13
ABIO,Количество лиц,77,38,0,11,126,2025-03-13
VTBR,Открытые позиции,206464,18645,42141,229960,497210,2025-03-13
VTBR,Изменение,-5380,-320,2753,-2307,-5254,2025-03-13
VTBR,Количество лиц,2914,715,18,37,3684,2025-03-13
SGZH,Открытые позиции,88119,99256,24395,13258,225028,2025-03-13
SGZH,Изменение,115,-8355,-15,8455,200,2025-03-13
SGZH,Количество лиц,796,549,8,20,1373,2025-03-13
TRNFP,Открытые позиции,185039,20213,9312,174138,388702,2025-03-13
TRNFP,Изменение,-399,-2403,-485,1519,-1768,2025-03-13
TRNFP,Количество лиц,976,164,6,21,1167,2025-03-13
WUSH,Открытые позиции,87326,21368,931,66889,176514,2025-03-13
WUSH,Изменение,-9236,-2310,-128,-7054,-18728,2025-03-13
WUSH,Количество лиц,726,236,2,31,995,2025-03-13
VKCO,Открытые позиции,78299,14845,3668,67122,163934,2025-03-13
VKCO,Изменение,6588,4682,615,2521,14406,2025-03-13
VKCO,Количество лиц,878,259,7,17,1161,2025-03-13
BABA,Открытые позиции,9330,11724,6803,4409,32266,2025-03-13
BABA,Изменение,-4918,3673,6603,-1988,3370,2025-03-13
BABA,Количество лиц,441,270,4,3,718,2025-03-13
BIDU,Открытые позиции,35882,3881,1,32002,71766,2025-03-13
BIDU,Изменение,3457,-217,0,3674,6914,2025-03-13
BIDU,Количество лиц,303,57,1,4,365,2025-03-13
SIBN,Открытые позиции,46617,2873,218,43962,93670,2025-03-13
SIBN,Изменение,-259,-473,-39,175,-596,2025-03-13
SIBN,Количество лиц,912,118,1,25,1056,2025-03-13
RNFT,Открытые позиции,41563,18623,104,23044,83334,2025-03-13
RNFT,Изменение,527,-1661,-305,1883,444,2025-03-13
RNFT,Количество лиц,300,231,2,15,548,2025-03-13
MVID,Открытые позиции,18433,18970,2224,1687,41314,2025-03-13
MVID,Изменение,-1126,-149,711,-266,-830,2025-03-13
MVID,Количество лиц,158,159,5,7,329,2025-03-13
PIKK,Открытые позиции,15165,33920,19166,411,68662,2025-03-13
PIKK,Изменение,674,-2115,-3331,-542,-5314,2025-03-13
PIKK,Количество лиц,340,515,11,5,871,2025-03-13
BELU,Открытые позиции,28851,10039,48,18860,57798,2025-03-13
BELU,Изменение,-23,18,48,7,50,2025-03-13
BELU,Количество лиц,213,68,1,6,288,2025-03-13
MTLR,Открытые позиции,10757,22589,13988,2156,49490,2025-03-13
MTLR,Изменение,-205,406,581,-30,752,2025-03-13
MTLR,Количество лиц,466,439,13,2,920,2025-03-13
POSI,Открытые позиции,98473,76600,1520,23393,199986,2025-03-13
POSI,Изменение,-648,-1835,-86,1101,-1468,2025-03-13
POSI,Количество лиц,1166,226,4,19,1415,2025-03-13
ASTR,Открытые позиции,92572,12436,326,80462,185796,2025-03-13
ASTR,Изменение,-58,53,322,211,528,2025-03-13
ASTR,Количество лиц,636,102,2,16,756,2025-03-13
SOFL,Открытые позиции,24864,4541,227,20550,50182,2025-03-13
SOFL,Изменение,-4579,-67,37,-4475,-9084,2025-03-13
SOFL,Количество лиц,198,64,3,13,278,2025-03-13
ALRS,Открытые позиции,25176,15615,86000,95561,222352,2025-03-13
ALRS,Изменение,1126,-1834,2024,4984,6300,2025-03-13
ALRS,Количество лиц,565,267,16,35,883,2025-03-13
NLMK,Открытые позиции,20185,4942,3698,18941,47766,2025-03-13
NLMK,Изменение,-42,169,-27,-238,-138,2025-03-13
NLMK,Количество лиц,478,247,6,39,770,2025-03-13
AFLT,Открытые позиции,33146,18214,732,15664,67756,2025-03-13
AFLT,Изменение,-1138,-725,275,-138,-1726,2025-03-13
AFLT,Количество лиц,737,391,7,21,1156,2025-03-13
BANE,Открытые позиции,5345,8565,3922,702,18534,2025-03-13
BANE,Изменение,-214,-508,-207,87,-842,2025-03-13
BANE,Количество лиц,143,108,5,7,263,2025-03-13
RUAL,Открытые позиции,29749,7479,2156,24426,63810,2025-03-13
RUAL,Изменение,-2134,224,260,-2098,-3748,2025-03-13
RUAL,Количество лиц,508,208,6,20,742,2025-03-13
LEAS,Открытые позиции,24402,10029,310,14683,49424,2025-03-13
LEAS,Изменение,493,-398,-452,439,82,2025-03-13
LEAS,Количество лиц,202,88,1,10,301,2025-03-13
AFKS,Открытые позиции,8554,8717,2008,1845,21124,2025-03-13
AFKS,Изменение,-722,97,410,-409,-624,2025-03-13
AFKS,Количество лиц,329,312,7,9,657,2025-03-13
RTKM,Открытые позиции,14072,7334,51858,58596,131860,2025-03-13
RTKM,Изменение,954,1088,2300,2166,6508,2025-03-13
RTKM,Количество лиц,338,172,12,22,544,2025-03-13
SFIN,Открытые позиции,20204,4509,66,15761,40540,2025-03-13
SFIN,Изменение,-2674,115,18,-2771,-5312,2025-03-13
SFIN,Количество лиц,242,62,1,9,314,2025-03-13
MOEX,Открытые позиции,20581,4793,120,15908,41402,2025-03-13
MOEX,Изменение,-48,31,-9,-88,-114,2025-03-13
MOEX,Количество лиц,953,263,2,25,1243,2025-03-13
SBERP,Открытые позиции,5961,2103,879,4737,13680,2025-03-13
SBERP,Изменение,-678,-134,-63,-607,-1482,2025-03-13
SBERP,Количество лиц,326,115,6,24,471,2025-03-13
ROSN,Открытые позиции,7793,2817,12343,17319,40272,2025-03-13
ROSN,Изменение,120,279,1255,1096,2750,2025-03-13
ROSN,Количество лиц,753,292,14,33,1092,2025-03-13
T,Открытые позиции,16279,2585,672,14366,33902,2025-03-13
T,Изменение,-1447,253,228,-1472,-2438,2025-03-13
T,Количество лиц,615,178,5,21,819,2025-03-13
FESH,Открытые позиции,7451,4338,112,3225,15126,2025-03-13
FESH,Изменение,555,-87,68,710,1246,2025-03-13
FESH,Количество лиц,142,101,2,13,258,2025-03-13
PHOR,Открытые позиции,43630,3717,168,40081,87596,2025-03-13
PHOR,Изменение,-343,-418,124,199,-438,2025-03-13
PHOR,Количество лиц,274,151,2,26,453,2025-03-13
SVCB,Открытые позиции,81006,8668,245,72583,162502,2025-03-13
SVCB,Изменение,-12784,-111,110,-12563,-25348,2025-03-13
SVCB,Количество лиц,585,121,2,16,724,2025-03-13
CBOM,Открытые позиции,608,5329,6586,1865,14388,2025-03-13
CBOM,Изменение,12,103,119,28,262,2025-03-13
CBOM,Количество лиц,56,168,2,13,239,2025-03-13
LKOH,Открытые позиции,7954,3471,2813,7296,21534,2025-03-13
LKOH,Изменение,421,-221,88,730,1018,2025-03-13
LKOH,Количество лиц,1057,319,16,25,1417,2025-03-13
KMAZ,Открытые позиции,10615,3133,284,7766,21798,2025-03-13
KMAZ,Изменение,-430,970,141,-1259,-578,2025-03-13
KMAZ,Количество лиц,200,50,3,6,259,2025-03-13
SNGS,Открытые позиции,14077,1864,779,12992,29712,2025-03-13
SNGS,Изменение,216,97,209,328,850,2025-03-13
SNGS,Количество лиц,424,96,7,23,550,2025-03-13
HYDR,Открытые позиции,9582,2432,621,7771,20406,2025-03-13
HYDR,Изменение,-412,-595,-2,181,-828,2025-03-13
HYDR,Количество лиц,249,118,4,14,385,2025-03-13
NVTK,Открытые позиции,4400,2236,1761,3925,12322,2025-03-13
NVTK,Изменение,-152,-93,1,-58,-302,2025-03-13
NVTK,Количество лиц,633,209,8,20,870,2025-03-13
FEES,Открытые позиции,4327,613,675,4389,10004,2025-03-13
FEES,Изменение,71,-80,-8,143,126,2025-03-13
FEES,Количество лиц,194,57,1,8,260,2025-03-13
MAGN,Открытые позиции,2955,1603,344,1696,6598,2025-03-13
MAGN,Изменение,-90,-72,-38,-56,-256,2025-03-13
MAGN,Количество лиц,354,84,5,12,455,2025-03-13
BSPB,Открытые позиции,15322,7508,0,7814,30644,2025-03-13
BSPB,Изменение,-347,-221,-6,-132,-706,2025-03-13
BSPB,Количество лиц,312,158,0,12,482,2025-03-13
TATN,Открытые позиции,1259,1657,1441,1043,5400,2025-03-13
TATN,Изменение,-68,280,116,-232,96,2025-03-13
TATN,Количество лиц,335,114,8,22,479,2025-03-13
FLOT,Открытые позиции,10408,2752,772,8428,22360,2025-03-13
FLOT,Изменение,-938,-781,-14,-171,-1904,2025-03-13
FLOT,Количество лиц,389,122,3,18,532,2025-03-13
MTSS,Открытые позиции,2789,3260,1293,822,8164,2025-03-13
MTSS,Изменение,-20,16,7,-29,-26,2025-03-13
MTSS,Количество лиц,221,181,4,13,419,2025-03-13
TATNP,Открытые позиции,3050,201,1513,4362,9126,2025-03-13
TATNP,Изменение,-54,-112,-1,57,-110,2025-03-13
TATNP,Количество лиц,158,44,2,10,214,2025-03-13
CHMF,Открытые позиции,990,1547,707,150,3394,2025-03-13
CHMF,Изменение,-6,11,-17,-34,-46,2025-03-13
CHMF,Количество лиц,142,91,5,15,253,2025-03-13
RASP,Открытые позиции,13561,7506,11,6066,27144,2025-03-13
RASP,Изменение,-1271,-742,-541,-1070,-3624,2025-03-13
RASP,Количество лиц,157,112,2,10,281,2025-03-13
IRAO,Открытые позиции,4546,1404,814,3956,10720,2025-03-13
IRAO,Изменение,-57,-17,4,-36,-106,2025-03-13
IRAO,Количество лиц,360,46,3,16,425,2025-03-13
SNGSP,Открытые позиции,4951,404,64,4611,10030,2025-03-13
SNGSP,Изменение,103,-131,-30,204,146,2025-03-13
SNGSP,Количество лиц,442,55,3,29,529,2025-03-13
PLZL,Открытые позиции,1265,1613,2535,2187,7600,2025-03-13
PLZL,Изменение,-27,-34,-3,4,-60,2025-03-13
PLZL,Количество лиц,200,265,5,19,489,2025-03-13
SPBE,Открытые позиции,21256,14252,250,7254,43012,2025-03-13
SPBE,Изменение,-980,-1661,-258,423,-2476,2025-03-13
SPBE,Количество лиц,456,202,3,10,671,2025-03-13
