Contract Code,Metric,Value1,Value2,Value3,Value4,Value5,Date
IMOEXF,Открытые позиции,381079,214124,30893,197848,823944,2025-04-16
IMOEXF,Изменение,10115,4005,-2038,4072,16154,2025-04-16
IMOEXF,Количество лиц,7241,2107,24,33,9405,2025-04-16
SBER,Открытые позиции,102348,49967,65829,118210,336354,2025-04-16
SBER,Изменение,3197,-3100,-2584,3713,1226,2025-04-16
SBER,Количество лиц,3524,1272,45,45,4886,2025-04-16
GAZP,Открытые позиции,202929,34422,250619,419126,907096,2025-04-16
GAZP,Изменение,-2499,4282,13288,6507,21578,2025-04-16
GAZP,Количество лиц,3105,1206,16,107,4434,2025-04-16
SMLT,Открытые позиции,247803,55526,6864,199141,509334,2025-04-16
SMLT,Изменение,2925,4413,241,-1247,6332,2025-04-16
SMLT,Количество лиц,888,342,6,48,1284,2025-04-16
GMKN,Открытые позиции,312485,83295,179856,409046,984682,2025-04-16
GMKN,Изменение,-1412,-4910,-10075,-6577,-22974,2025-04-16
GMKN,Количество лиц,1522,459,11,53,2045,2025-04-16
YDEX,Открытые позиции,119712,29582,9710,99840,258844,2025-04-16
YDEX,Изменение,-8485,11879,-2,-20366,-16974,2025-04-16
YDEX,Количество лиц,1177,387,3,32,1599,2025-04-16
MGNT,Открытые позиции,85647,5798,4944,84793,181182,2025-04-16
MGNT,Изменение,4280,-1420,-2323,3377,3914,2025-04-16
MGNT,Количество лиц,1214,200,8,17,1439,2025-04-16
ABIO,Открытые позиции,9518,697,0,8821,19036,2025-04-16
ABIO,Изменение,-2,-13,0,11,-4,2025-04-16
ABIO,Количество лиц,69,17,0,8,94,2025-04-16
VTBR,Открытые позиции,161355,25282,30426,166499,383562,2025-04-16
VTBR,Изменение,-8674,8995,-1223,-18892,-19794,2025-04-16
VTBR,Количество лиц,2474,659,15,34,3182,2025-04-16
SGZH,Открытые позиции,60645,69793,9198,50,139686,2025-04-16
SGZH,Изменение,-1422,-1018,454,50,-1936,2025-04-16
SGZH,Количество лиц,593,306,12,1,912,2025-04-16
TRNFP,Открытые позиции,87542,22748,5227,70021,185538,2025-04-16
TRNFP,Изменение,-5095,-1468,1203,-2424,-7784,2025-04-16
TRNFP,Количество лиц,700,129,2,27,858,2025-04-16
WUSH,Открытые позиции,55672,12721,8179,51130,127702,2025-04-16
WUSH,Изменение,1404,828,-223,353,2362,2025-04-16
WUSH,Количество лиц,638,132,5,11,786,2025-04-16
VKCO,Открытые позиции,61670,14847,1334,48157,126008,2025-04-16
VKCO,Изменение,1329,-573,-1,1901,2656,2025-04-16
VKCO,Количество лиц,750,246,2,30,1028,2025-04-16
BABA,Открытые позиции,32464,4402,301,28363,65530,2025-04-16
BABA,Изменение,533,-2053,0,2586,1066,2025-04-16
BABA,Количество лиц,339,130,3,3,475,2025-04-16
BIDU,Открытые позиции,29524,999,1,28526,59050,2025-04-16
BIDU,Изменение,-594,-209,0,-385,-1188,2025-04-16
BIDU,Количество лиц,196,44,1,3,244,2025-04-16
SIBN,Открытые позиции,22131,1861,867,21137,45996,2025-04-16
SIBN,Изменение,-265,-113,56,-96,-418,2025-04-16
SIBN,Количество лиц,598,81,5,25,709,2025-04-16
RNFT,Открытые позиции,43037,21387,11,21661,86096,2025-04-16
RNFT,Изменение,-117,35,-892,-1044,-2018,2025-04-16
RNFT,Количество лиц,382,155,1,20,558,2025-04-16
MVID,Открытые позиции,9104,11151,2804,757,23816,2025-04-16
MVID,Изменение,189,110,-57,22,264,2025-04-16
MVID,Количество лиц,118,126,1,4,249,2025-04-16
PIKK,Открытые позиции,38689,16265,1595,24019,80568,2025-04-16
PIKK,Изменение,2184,-2079,-211,4052,3946,2025-04-16
PIKK,Количество лиц,677,307,4,23,1011,2025-04-16
BELU,Открытые позиции,42961,32631,47,10377,86016,2025-04-16
BELU,Изменение,475,239,-1,235,948,2025-04-16
BELU,Количество лиц,278,73,1,10,362,2025-04-16
MTLR,Открытые позиции,11396,11887,4388,3897,31568,2025-04-16
MTLR,Изменение,459,29,-405,25,108,2025-04-16
MTLR,Количество лиц,386,269,5,12,672,2025-04-16
POSI,Открытые позиции,76232,55057,10228,31403,172920,2025-04-16
POSI,Изменение,683,-5345,-282,5746,802,2025-04-16
POSI,Количество лиц,661,195,3,35,894,2025-04-16
ASTR,Открытые позиции,66983,15791,1958,53150,137882,2025-04-16
ASTR,Изменение,-8878,58,1678,-7258,-14400,2025-04-16
ASTR,Количество лиц,401,88,3,5,497,2025-04-16
SOFL,Открытые позиции,26040,1961,0,24079,52080,2025-04-16
SOFL,Изменение,139,62,0,77,278,2025-04-16
SOFL,Количество лиц,174,49,0,12,235,2025-04-16
ALRS,Открытые позиции,21044,4851,81305,97498,204698,2025-04-16
ALRS,Изменение,-981,425,-108,-1514,-2178,2025-04-16
ALRS,Количество лиц,485,185,7,47,724,2025-04-16
NLMK,Открытые позиции,18226,5553,3497,16170,43446,2025-04-16
NLMK,Изменение,310,-137,-138,309,344,2025-04-16
NLMK,Количество лиц,472,128,5,16,621,2025-04-16
AFLT,Открытые позиции,29623,17490,39,12172,59324,2025-04-16
AFLT,Изменение,-179,389,-44,-612,-446,2025-04-16
AFLT,Количество лиц,668,258,3,34,963,2025-04-16
BANE,Открытые позиции,5702,5215,2719,3206,16842,2025-04-16
BANE,Изменение,760,638,-654,-532,212,2025-04-16
BANE,Количество лиц,143,79,2,9,233,2025-04-16
RUAL,Открытые позиции,21973,3815,1648,19806,47242,2025-04-16
RUAL,Изменение,980,-21,-227,774,1506,2025-04-16
RUAL,Количество лиц,411,101,5,26,543,2025-04-16
LEAS,Открытые позиции,28728,21159,856,8425,59168,2025-04-16
LEAS,Изменение,-1904,3369,362,-4911,-3084,2025-04-16
LEAS,Количество лиц,206,72,3,7,288,2025-04-16
AFKS,Открытые позиции,8506,6195,1275,3586,19562,2025-04-16
AFKS,Изменение,-396,-79,-174,-491,-1140,2025-04-16
AFKS,Количество лиц,380,223,8,10,621,2025-04-16
RTKM,Открытые позиции,18201,13306,7171,12066,50744,2025-04-16
RTKM,Изменение,1095,1709,-300,-914,1590,2025-04-16
RTKM,Количество лиц,413,191,3,11,618,2025-04-16
SFIN,Открытые позиции,15717,8802,500,7415,32434,2025-04-16
SFIN,Изменение,487,-159,0,646,974,2025-04-16
SFIN,Количество лиц,186,61,1,7,255,2025-04-16
MOEX,Открытые позиции,18046,6142,6431,18335,48954,2025-04-16
MOEX,Изменение,162,380,391,173,1106,2025-04-16
MOEX,Количество лиц,1000,184,7,14,1205,2025-04-16
SBERP,Открытые позиции,7119,996,3269,9392,20776,2025-04-16
SBERP,Изменение,1058,72,-173,813,1770,2025-04-16
SBERP,Количество лиц,422,102,5,16,545,2025-04-16
ROSN,Открытые позиции,8348,1798,11214,17764,39124,2025-04-16
ROSN,Изменение,-264,30,72,-222,-384,2025-04-16
ROSN,Количество лиц,914,183,13,22,1132,2025-04-16
FESH,Открытые позиции,5376,471,50,4955,10852,2025-04-16
FESH,Изменение,-67,-41,50,24,-34,2025-04-16
FESH,Количество лиц,94,44,1,12,151,2025-04-16
PHOR,Открытые позиции,22492,3409,341,19424,45666,2025-04-16
PHOR,Изменение,-365,415,-28,-808,-786,2025-04-16
PHOR,Количество лиц,317,100,3,15,435,2025-04-16
SVCB,Открытые позиции,51119,9674,0,41445,102238,2025-04-16
SVCB,Изменение,360,284,-307,-231,106,2025-04-16
SVCB,Количество лиц,363,68,0,11,442,2025-04-16
CBOM,Открытые позиции,829,2648,2632,813,6922,2025-04-16
CBOM,Изменение,75,125,33,-17,216,2025-04-16
CBOM,Количество лиц,61,56,3,7,127,2025-04-16
LKOH,Открытые позиции,10121,4477,35535,41179,91312,2025-04-16
LKOH,Изменение,-210,104,269,-45,118,2025-04-16
LKOH,Количество лиц,1122,312,13,14,1461,2025-04-16
KMAZ,Открытые позиции,10101,3208,96,6989,20394,2025-04-16
KMAZ,Изменение,114,-267,10,391,248,2025-04-16
KMAZ,Количество лиц,153,51,2,13,219,2025-04-16
SNGS,Открытые позиции,9134,1243,2174,10065,22616,2025-04-16
SNGS,Изменение,-17,160,260,83,486,2025-04-16
SNGS,Количество лиц,426,74,12,22,534,2025-04-16
HYDR,Открытые позиции,9218,1565,217,7870,18870,2025-04-16
HYDR,Изменение,217,54,79,242,592,2025-04-16
HYDR,Количество лиц,217,58,2,15,292,2025-04-16
NVTK,Открытые позиции,4116,1038,1557,4635,11346,2025-04-16
NVTK,Изменение,-229,147,65,-311,-328,2025-04-16
NVTK,Количество лиц,563,185,10,17,775,2025-04-16
FEES,Открытые позиции,4921,911,88,4098,10018,2025-04-16
FEES,Изменение,-155,43,-39,-237,-388,2025-04-16
FEES,Количество лиц,142,47,1,8,198,2025-04-16
MAGN,Открытые позиции,3334,565,853,3622,8374,2025-04-16
MAGN,Изменение,-59,-125,-8,58,-134,2025-04-16
MAGN,Количество лиц,331,52,5,7,395,2025-04-16
TATN,Открытые позиции,1817,1338,1902,2381,7438,2025-04-16
TATN,Изменение,33,-82,17,132,100,2025-04-16
TATN,Количество лиц,274,89,6,7,376,2025-04-16
TATNP,Открытые позиции,2217,408,30,1839,4494,2025-04-16
TATNP,Изменение,-43,37,0,-80,-86,2025-04-16
TATNP,Количество лиц,151,44,1,8,204,2025-04-16
