Contract Code,Metric,Value1,Value2,Value3,Value4,Value5,Date
IMOEXF,Открытые позиции,507209,287535,37725,257399,1089868,2025-06-20
IMOEXF,Изменение,16388,2489,1010,14909,34796,2025-06-20
IMOEXF,Количество лиц,8451,2377,26,32,10886,2025-06-20
SBER,Открытые позиции,102379,24574,191210,269015,587178,2025-06-20
SBER,Изменение,-3317,-4886,11494,13063,16354,2025-06-20
SBER,Количество лиц,3237,763,63,26,4089,2025-06-20
GAZP,Открытые позиции,183839,47654,782594,918779,1932866,2025-06-20
GAZP,Изменение,-22265,-8494,27316,13545,10102,2025-06-20
GAZP,Количество лиц,2643,1012,34,89,3778,2025-06-20
SMLT,Открытые позиции,146498,34096,103955,216357,500906,2025-06-20
SMLT,Изменение,-30757,-896,41062,11201,20610,2025-06-20
SMLT,Количество лиц,786,238,17,39,1080,2025-06-20
GMKN,Открытые позиции,379262,59724,282400,601938,1323324,2025-06-20
GMKN,Изменение,-42969,11945,75577,20663,65216,2025-06-20
GMKN,Количество лиц,1593,481,19,36,2129,2025-06-20
YDEX,Открытые позиции,98063,19747,44076,122392,284278,2025-06-20
YDEX,Изменение,-20141,2259,19682,-2718,-918,2025-06-20
YDEX,Количество лиц,1080,228,14,42,1364,2025-06-20
MGNT,Открытые позиции,138450,6683,64137,195904,405174,2025-06-20
MGNT,Изменение,-18091,-913,16860,-318,-2462,2025-06-20
MGNT,Количество лиц,1203,161,18,27,1409,2025-06-20
ABIO,Открытые позиции,2343,338,1724,3729,8134,2025-06-20
ABIO,Изменение,-195,-125,129,59,-132,2025-06-20
ABIO,Количество лиц,75,13,3,5,96,2025-06-20
VTBR,Открытые позиции,181138,33617,120107,267628,602490,2025-06-20
VTBR,Изменение,-1090,6610,34731,27031,67282,2025-06-20
VTBR,Количество лиц,1994,612,23,19,2648,2025-06-20
SGZH,Открытые позиции,33683,36337,3388,734,74142,2025-06-20
SGZH,Изменение,-10870,-9568,533,-769,-20674,2025-06-20
SGZH,Количество лиц,286,170,5,7,468,2025-06-20
TRNFP,Открытые позиции,59541,47101,147952,160392,414986,2025-06-20
TRNFP,Изменение,-6587,-745,10159,4317,7144,2025-06-20
TRNFP,Количество лиц,536,162,9,7,714,2025-06-20
WUSH,Открытые позиции,44718,6969,33195,70944,155826,2025-06-20
WUSH,Изменение,-7419,35,9942,2488,5046,2025-06-20
WUSH,Количество лиц,502,153,15,25,695,2025-06-20
VKCO,Открытые позиции,47986,13007,29734,64713,155440,2025-06-20
VKCO,Изменение,-3219,-2067,6824,5672,7210,2025-06-20
VKCO,Количество лиц,608,175,10,27,820,2025-06-20
BABA,Открытые позиции,22331,13436,0,8895,44662,2025-06-20
BABA,Изменение,964,158,0,806,1928,2025-06-20
BABA,Количество лиц,327,75,0,4,406,2025-06-20
BIDU,Открытые позиции,35530,9451,0,26079,71060,2025-06-20
BIDU,Изменение,218,-642,0,860,436,2025-06-20
BIDU,Количество лиц,170,37,0,4,211,2025-06-20
SIBN,Открытые позиции,9556,1755,14637,22438,48386,2025-06-20
SIBN,Изменение,-3089,-178,2884,-27,-410,2025-06-20
SIBN,Количество лиц,311,76,13,12,412,2025-06-20
RNFT,Открытые позиции,30716,18099,7160,19777,75752,2025-06-20
RNFT,Изменение,-8453,-2990,545,-4918,-15816,2025-06-20
RNFT,Количество лиц,233,208,4,6,451,2025-06-20
MVID,Открытые позиции,10290,13000,7788,5078,36156,2025-06-20
MVID,Изменение,-1649,-2540,-482,409,-4262,2025-06-20
MVID,Количество лиц,110,105,2,11,228,2025-06-20
PIKK,Открытые позиции,23734,18013,18532,24253,84532,2025-06-20
PIKK,Изменение,-6827,-3242,843,-2742,-11968,2025-06-20
PIKK,Количество лиц,467,379,5,18,869,2025-06-20
BELU,Открытые позиции,37132,29268,8717,16581,91698,2025-06-20
BELU,Изменение,-10793,408,6852,-4349,-7882,2025-06-20
BELU,Количество лиц,230,67,5,16,318,2025-06-20
MTLR,Открытые позиции,8631,15228,11000,4403,39262,2025-06-20
MTLR,Изменение,-2683,-1741,463,-479,-4440,2025-06-20
MTLR,Количество лиц,345,262,10,3,620,2025-06-20
POSI,Открытые позиции,71051,15780,3880,59151,149862,2025-06-20
POSI,Изменение,-8559,-123,2835,-5601,-11448,2025-06-20
POSI,Количество лиц,529,159,5,16,709,2025-06-20
ASTR,Открытые позиции,50890,12686,26527,64731,154834,2025-06-20
ASTR,Изменение,-2340,-446,4239,2345,3798,2025-06-20
ASTR,Количество лиц,340,82,5,18,445,2025-06-20
SOFL,Открытые позиции,22495,3754,8343,27084,61676,2025-06-20
SOFL,Изменение,-2848,-568,2968,688,240,2025-06-20
SOFL,Количество лиц,120,36,6,7,169,2025-06-20
ALRS,Открытые позиции,20531,3734,77350,94147,195762,2025-06-20
ALRS,Изменение,-3614,-221,4185,792,1142,2025-06-20
ALRS,Количество лиц,459,165,17,34,675,2025-06-20
NLMK,Открытые позиции,22706,5537,7283,24452,59978,2025-06-20
NLMK,Изменение,-580,235,634,-181,108,2025-06-20
NLMK,Количество лиц,463,123,9,40,635,2025-06-20
AFLT,Открытые позиции,19067,11056,2529,10540,43192,2025-06-20
AFLT,Изменение,-2167,-323,1307,-537,-1720,2025-06-20
AFLT,Количество лиц,523,151,10,18,702,2025-06-20
BANE,Открытые позиции,3960,1565,1185,3580,10290,2025-06-20
BANE,Изменение,-257,-1539,-94,1188,-702,2025-06-20
BANE,Количество лиц,138,56,4,9,207,2025-06-20
RUAL,Открытые позиции,23620,2080,16616,38156,80472,2025-06-20
RUAL,Изменение,-2985,-452,1803,-730,-2364,2025-06-20
RUAL,Количество лиц,381,81,7,11,480,2025-06-20
LEAS,Открытые позиции,24832,9378,1694,17148,53052,2025-06-20
LEAS,Изменение,-11555,-717,1684,-9154,-19742,2025-06-20
LEAS,Количество лиц,188,66,3,14,271,2025-06-20
AFKS,Открытые позиции,4008,3924,4976,5060,17968,2025-06-20
AFKS,Изменение,-550,-4096,216,3762,-668,2025-06-20
AFKS,Количество лиц,268,172,4,20,464,2025-06-20
RTKM,Открытые позиции,14840,3739,16274,27375,62228,2025-06-20
RTKM,Изменение,195,776,3220,2639,6830,2025-06-20
RTKM,Количество лиц,315,77,14,13,419,2025-06-20
SFIN,Открытые позиции,9360,8144,3071,4287,24862,2025-06-20
SFIN,Изменение,-3300,-61,121,-3118,-6358,2025-06-20
SFIN,Количество лиц,145,29,2,12,188,2025-06-20
MOEX,Открытые позиции,10544,3729,16919,23734,54926,2025-06-20
MOEX,Изменение,-2901,304,4366,1161,2930,2025-06-20
MOEX,Количество лиц,533,134,19,7,693,2025-06-20
SBERP,Открытые позиции,7662,1634,6838,12866,29000,2025-06-20
SBERP,Изменение,-295,-117,722,544,854,2025-06-20
SBERP,Количество лиц,450,86,8,13,557,2025-06-20
ROSN,Открытые позиции,5984,3238,16486,19232,44940,2025-06-20
ROSN,Изменение,-1398,-115,1896,613,996,2025-06-20
ROSN,Количество лиц,703,256,19,24,1002,2025-06-20
FESH,Открытые позиции,3789,1780,280,2289,8138,2025-06-20
FESH,Изменение,238,-564,-71,731,334,2025-06-20
FESH,Количество лиц,89,48,2,14,153,2025-06-20
PHOR,Открытые позиции,3971,3178,7225,8018,22392,2025-06-20
PHOR,Изменение,-432,-1121,-438,251,-1740,2025-06-20
PHOR,Количество лиц,193,78,8,12,291,2025-06-20
SVCB,Открытые позиции,46135,7282,6852,45705,105974,2025-06-20
SVCB,Изменение,-6062,1806,6395,-1473,666,2025-06-20
SVCB,Количество лиц,289,94,6,11,400,2025-06-20
CBOM,Открытые позиции,1862,11856,10873,879,25470,2025-06-20
CBOM,Изменение,111,-638,-373,376,-524,2025-06-20
CBOM,Количество лиц,88,42,7,9,146,2025-06-20
LKOH,Открытые позиции,9662,8653,53517,54526,126358,2025-06-20
LKOH,Изменение,-1310,-410,840,-60,-940,2025-06-20
LKOH,Количество лиц,704,348,10,40,1102,2025-06-20
KMAZ,Открытые позиции,7141,1928,2117,7330,18516,2025-06-20
KMAZ,Изменение,-328,-2006,-437,1241,-1530,2025-06-20
KMAZ,Количество лиц,126,46,1,11,184,2025-06-20
SNGS,Открытые позиции,7105,1124,13705,19686,41620,2025-06-20
SNGS,Изменение,-806,24,4380,3550,7148,2025-06-20
SNGS,Количество лиц,317,49,16,21,403,2025-06-20
HYDR,Открытые позиции,4860,2161,8905,11604,27530,2025-06-20
HYDR,Изменение,-511,111,1497,875,1972,2025-06-20
HYDR,Количество лиц,170,58,11,9,248,2025-06-20
NVTK,Открытые позиции,3072,411,3962,6623,14068,2025-06-20
NVTK,Изменение,-520,-35,1440,955,1840,2025-06-20
NVTK,Количество лиц,444,107,16,28,595,2025-06-20
FEES,Открытые позиции,4657,497,1032,5192,11378,2025-06-20
FEES,Изменение,-235,-24,89,-122,-292,2025-06-20
FEES,Количество лиц,143,39,4,10,196,2025-06-20
MAGN,Открытые позиции,1557,681,732,1608,4578,2025-06-20
MAGN,Изменение,-252,24,143,-133,-218,2025-06-20
MAGN,Количество лиц,225,61,7,11,304,2025-06-20
BSPB,Открытые позиции,6094,7274,2329,1149,16846,2025-06-20
BSPB,Изменение,-2656,96,1015,-1737,-3282,2025-06-20
BSPB,Количество лиц,183,137,8,7,335,2025-06-20
TATN,Открытые позиции,1095,2316,6164,4943,14518,2025-06-20
TATN,Изменение,-76,-125,-31,18,-214,2025-06-20
TATN,Количество лиц,124,106,5,17,252,2025-06-20
FLOT,Открытые позиции,5684,1996,1135,4823,13638,2025-06-20
FLOT,Изменение,-761,-304,49,-408,-1424,2025-06-20
FLOT,Количество лиц,162,99,4,12,277,2025-06-20
MTSS,Открытые позиции,3225,1822,14085,15488,34620,2025-06-20
MTSS,Изменение,112,-67,3463,3642,7150,2025-06-20
MTSS,Количество лиц,227,94,7,8,336,2025-06-20
TATNP,Открытые позиции,858,1186,1146,818,4008,2025-06-20
TATNP,Изменение,-621,-116,379,-126,-484,2025-06-20
TATNP,Количество лиц,102,42,4,9,157,2025-06-20
CHMF,Открытые позиции,679,217,1810,2272,4978,2025-06-20
CHMF,Изменение,-142,-37,556,451,828,2025-06-20
CHMF,Количество лиц,136,52,17,14,219,2025-06-20
RASP,Открытые позиции,5680,2471,469,3678,12298,2025-06-20
RASP,Изменение,-1380,-366,-64,-1078,-2888,2025-06-20
RASP,Количество лиц,115,43,3,7,168,2025-06-20
IRAO,Открытые позиции,1996,1445,7081,7632,18154,2025-06-20
IRAO,Изменение,-243,-23,-33,-253,-552,2025-06-20
IRAO,Количество лиц,234,68,3,18,323,2025-06-20
SNGSP,Открытые позиции,3474,688,4464,7250,15876,2025-06-20
SNGSP,Изменение,-308,16,512,188,408,2025-06-20
SNGSP,Количество лиц,281,50,13,6,350,2025-06-20
PLZL,Открытые позиции,334,265,1029,1098,2726,2025-06-20
PLZL,Изменение,-83,-23,-23,-83,-212,2025-06-20
PLZL,Количество лиц,121,64,8,12,205,2025-06-20
SPBE,Открытые позиции,24542,6546,6392,24388,61868,2025-06-20
SPBE,Изменение,-4847,230,2888,-2189,-3918,2025-06-20
SPBE,Количество лиц,492,81,8,16,597,2025-06-20
