Contract Code,Metric,Value1,Value2,Value3,Value4,Value5,Date
IMOEXF,Открытые позиции,417976,297341,35820,156455,907592,2025-05-21
IMOEXF,Изменение,11851,1939,-8061,1851,7580,2025-05-21
IMOEXF,Количество лиц,7036,2705,24,42,9807,2025-05-21
SBER,Открытые позиции,107866,40143,114193,181916,444118,2025-05-21
SBER,Изменение,-13898,2210,-4086,-20194,-35968,2025-05-21
SBER,Количество лиц,3491,1394,34,68,4987,2025-05-21
GAZP,Открытые позиции,196644,88276,326259,434627,1045806,2025-05-21
GAZP,Изменение,6216,8147,2743,812,17918,2025-05-21
GAZP,Количество лиц,3231,1474,28,77,4810,2025-05-21
SMLT,Открытые позиции,190594,54292,26196,162498,433580,2025-05-21
SMLT,Изменение,-2075,643,-102,-2820,-4354,2025-05-21
SMLT,Количество лиц,899,298,10,21,1228,2025-05-21
GMKN,Открытые позиции,348657,68564,96358,376451,890030,2025-05-21
GMKN,Изменение,20209,7203,2151,15157,44720,2025-05-21
GMKN,Количество лиц,1724,442,18,59,2243,2025-05-21
YDEX,Открытые позиции,122393,27787,1492,96098,247770,2025-05-21
YDEX,Изменение,-5067,2240,1,-7306,-10132,2025-05-21
YDEX,Количество лиц,1210,422,6,43,1681,2025-05-21
MGNT,Открытые позиции,107144,12728,7581,101997,229450,2025-05-21
MGNT,Изменение,-532,1906,100,-2338,-864,2025-05-21
MGNT,Количество лиц,1299,252,6,38,1595,2025-05-21
ABIO,Открытые позиции,3487,478,300,3309,7574,2025-05-21
ABIO,Изменение,37,37,0,0,74,2025-05-21
ABIO,Количество лиц,74,16,1,2,93,2025-05-21
VTBR,Открытые позиции,162264,30794,6672,138142,337872,2025-05-21
VTBR,Изменение,5235,481,-3144,1610,4182,2025-05-21
VTBR,Количество лиц,2260,918,9,48,3235,2025-05-21
SGZH,Открытые позиции,58082,59731,2398,749,120960,2025-05-21
SGZH,Изменение,1270,-1554,-2086,738,-1632,2025-05-21
SGZH,Количество лиц,511,242,2,8,763,2025-05-21
TRNFP,Открытые позиции,141588,30900,21804,132492,326784,2025-05-21
TRNFP,Изменение,-5139,236,2772,-2603,-4734,2025-05-21
TRNFP,Количество лиц,853,178,2,26,1059,2025-05-21
WUSH,Открытые позиции,47571,4830,6433,49174,108008,2025-05-21
WUSH,Изменение,386,24,-185,177,402,2025-05-21
WUSH,Количество лиц,597,117,9,9,732,2025-05-21
VKCO,Открытые позиции,58138,15844,1956,44250,120188,2025-05-21
VKCO,Изменение,1260,-370,-894,736,732,2025-05-21
VKCO,Количество лиц,722,217,4,18,961,2025-05-21
BABA,Открытые позиции,22328,5253,113,17188,44882,2025-05-21
BABA,Изменение,436,10,13,439,898,2025-05-21
BABA,Количество лиц,349,112,2,3,466,2025-05-21
BIDU,Открытые позиции,30229,6422,19,23826,60496,2025-05-21
BIDU,Изменение,-2023,126,0,-2149,-4046,2025-05-21
BIDU,Количество лиц,316,44,1,4,365,2025-05-21
RNFT,Открытые позиции,47675,28591,0,19084,95350,2025-05-21
RNFT,Изменение,612,894,0,-282,1224,2025-05-21
RNFT,Количество лиц,335,150,0,13,498,2025-05-21
MVID,Открытые позиции,8865,8154,339,1050,18408,2025-05-21
MVID,Изменение,574,-394,-357,611,434,2025-05-21
MVID,Количество лиц,143,100,1,7,251,2025-05-21
PIKK,Открытые позиции,35966,23686,6334,18614,84600,2025-05-21
PIKK,Изменение,103,6362,3084,-3175,6374,2025-05-21
PIKK,Количество лиц,609,447,11,13,1080,2025-05-21
BELU,Открытые позиции,55820,46763,265,9322,112170,2025-05-21
BELU,Изменение,753,3072,0,-2319,1506,2025-05-21
BELU,Количество лиц,338,92,2,10,442,2025-05-21
MTLR,Открытые позиции,13119,17208,8578,4489,43394,2025-05-21
MTLR,Изменение,-42,-42,85,85,86,2025-05-21
MTLR,Количество лиц,453,310,4,17,784,2025-05-21
POSI,Открытые позиции,86775,30905,325,56195,174200,2025-05-21
POSI,Изменение,721,711,288,298,2018,2025-05-21
POSI,Количество лиц,702,160,4,19,885,2025-05-21
ASTR,Открытые позиции,73218,9518,297,63997,147030,2025-05-21
ASTR,Изменение,-155,-279,-123,1,-556,2025-05-21
ASTR,Количество лиц,428,98,1,10,537,2025-05-21
SOFL,Открытые позиции,29506,2960,0,26546,59012,2025-05-21
SOFL,Изменение,61,-120,0,181,122,2025-05-21
SOFL,Количество лиц,187,50,0,14,251,2025-05-21
ALRS,Открытые позиции,25854,4368,81345,102831,214398,2025-05-21
ALRS,Изменение,1265,960,25,330,2580,2025-05-21
ALRS,Количество лиц,605,165,4,40,814,2025-05-21
NLMK,Открытые позиции,18844,6139,3419,16124,44526,2025-05-21
NLMK,Изменение,-30,309,118,-221,176,2025-05-21
NLMK,Количество лиц,474,160,7,12,653,2025-05-21
AFLT,Открытые позиции,16863,14836,771,2798,35268,2025-05-21
AFLT,Изменение,221,5,-16,200,410,2025-05-21
AFLT,Количество лиц,608,256,8,16,888,2025-05-21
BANE,Открытые позиции,5213,4065,251,1399,10928,2025-05-21
BANE,Изменение,301,89,108,320,818,2025-05-21
BANE,Количество лиц,153,72,1,12,238,2025-05-21
RUAL,Открытые позиции,24279,3024,1580,22835,51718,2025-05-21
RUAL,Изменение,-759,-242,-115,-632,-1748,2025-05-21
RUAL,Количество лиц,452,100,6,19,577,2025-05-21
LEAS,Открытые позиции,36154,10421,1611,27344,75530,2025-05-21
LEAS,Изменение,-88,-774,-371,315,-918,2025-05-21
LEAS,Количество лиц,277,57,1,6,341,2025-05-21
AFKS,Открытые позиции,6892,4898,615,2609,15014,2025-05-21
AFKS,Изменение,529,291,-193,45,672,2025-05-21
AFKS,Количество лиц,354,231,6,13,604,2025-05-21
RTKM,Открытые позиции,22289,8165,5113,19237,54804,2025-05-21
RTKM,Изменение,1187,370,30,847,2434,2025-05-21
RTKM,Количество лиц,461,137,4,24,626,2025-05-21
SFIN,Открытые позиции,12734,11023,0,1711,25468,2025-05-21
SFIN,Изменение,199,36,0,163,398,2025-05-21
SFIN,Количество лиц,201,69,0,6,276,2025-05-21
MOEX,Открытые позиции,15526,3760,5868,17634,42788,2025-05-21
MOEX,Изменение,-14,335,-48,-397,-124,2025-05-21
MOEX,Количество лиц,802,180,8,25,1015,2025-05-21
SBERP,Открытые позиции,8710,1191,3547,11066,24514,2025-05-21
SBERP,Изменение,-184,34,-2,-220,-372,2025-05-21
SBERP,Количество лиц,420,136,7,22,585,2025-05-21
ROSN,Открытые позиции,8580,1838,10823,17565,38806,2025-05-21
ROSN,Изменение,-67,471,-986,-1524,-2106,2025-05-21
ROSN,Количество лиц,897,241,11,26,1175,2025-05-21
FESH,Открытые позиции,5192,2256,20,2956,10424,2025-05-21
FESH,Изменение,10,168,-2,-160,16,2025-05-21
FESH,Количество лиц,88,67,1,14,170,2025-05-21
PHOR,Открытые позиции,21686,7803,1023,14906,45418,2025-05-21
PHOR,Изменение,169,899,19,-711,376,2025-05-21
PHOR,Количество лиц,288,157,5,9,459,2025-05-21
SVCB,Открытые позиции,59773,16977,194,42990,119934,2025-05-21
SVCB,Изменение,-368,-666,-210,88,-1156,2025-05-21
SVCB,Количество лиц,456,194,1,14,665,2025-05-21
CBOM,Открытые позиции,920,2586,2089,423,6018,2025-05-21
CBOM,Изменение,-41,-12,-6,-35,-94,2025-05-21
CBOM,Количество лиц,62,59,2,9,132,2025-05-21
LKOH,Открытые позиции,10728,6853,74882,78757,171220,2025-05-21
LKOH,Изменение,-349,-1006,2359,3016,4020,2025-05-21
LKOH,Количество лиц,1064,368,21,21,1474,2025-05-21
KMAZ,Открытые позиции,10478,5152,570,5896,22096,2025-05-21
KMAZ,Изменение,-25,-35,-19,-9,-88,2025-05-21
KMAZ,Количество лиц,173,55,3,9,240,2025-05-21
SNGS,Открытые позиции,11117,1386,1554,11285,25342,2025-05-21
SNGS,Изменение,196,443,47,-200,486,2025-05-21
SNGS,Количество лиц,488,90,7,21,606,2025-05-21
HYDR,Открытые позиции,8520,1130,559,7949,18158,2025-05-21
HYDR,Изменение,47,52,-28,-33,38,2025-05-21
HYDR,Количество лиц,220,56,3,14,293,2025-05-21
NVTK,Открытые позиции,4342,1066,775,4051,10234,2025-05-21
NVTK,Изменение,102,-143,-186,59,-168,2025-05-21
NVTK,Количество лиц,576,174,10,32,792,2025-05-21
FEES,Открытые позиции,5359,670,306,4995,11330,2025-05-21
FEES,Изменение,42,28,1,15,86,2025-05-21
FEES,Количество лиц,173,56,4,8,241,2025-05-21
MAGN,Открытые позиции,3488,583,657,3562,8290,2025-05-21
MAGN,Изменение,157,66,-36,55,242,2025-05-21
MAGN,Количество лиц,339,66,6,8,419,2025-05-21
BSPB,Открытые позиции,9164,11565,3848,1447,26024,2025-05-21
BSPB,Изменение,-386,48,141,-293,-490,2025-05-21
BSPB,Количество лиц,251,135,3,7,396,2025-05-21
TATN,Открытые позиции,1664,1746,11719,11637,26766,2025-05-21
TATN,Изменение,363,196,-28,139,670,2025-05-21
TATN,Количество лиц,267,137,8,7,419,2025-05-21
FLOT,Открытые позиции,7888,2624,167,5431,16110,2025-05-21
FLOT,Изменение,132,658,91,-435,446,2025-05-21
FLOT,Количество лиц,264,139,4,11,418,2025-05-21
MTSS,Открытые позиции,2864,1699,2386,3551,10500,2025-05-21
MTSS,Изменение,82,-39,-64,57,36,2025-05-21
MTSS,Количество лиц,276,116,7,20,419,2025-05-21
TATNP,Открытые позиции,1669,1130,1564,2103,6466,2025-05-21
TATNP,Изменение,37,36,-1,0,72,2025-05-21
TATNP,Количество лиц,140,54,5,4,203,2025-05-21
CHMF,Открытые позиции,1548,355,461,1654,4018,2025-05-21
CHMF,Изменение,58,30,-1,27,114,2025-05-21
CHMF,Количество лиц,191,78,8,20,297,2025-05-21
RASP,Открытые позиции,6510,4648,404,2266,13828,2025-05-21
RASP,Изменение,-147,-194,-20,27,-334,2025-05-21
RASP,Количество лиц,132,68,4,10,214,2025-05-21
IRAO,Открытые позиции,2489,1791,6151,6849,17280,2025-05-21
IRAO,Изменение,10,37,20,-7,60,2025-05-21
IRAO,Количество лиц,266,108,6,7,387,2025-05-21
SNGSP,Открытые позиции,4541,741,608,4408,10298,2025-05-21
SNGSP,Изменение,107,184,357,280,928,2025-05-21
SNGSP,Количество лиц,398,97,9,17,521,2025-05-21
PLZL,Открытые позиции,887,205,964,1646,3702,2025-05-21
PLZL,Изменение,-66,-391,-54,271,-240,2025-05-21
PLZL,Количество лиц,214,89,5,26,334,2025-05-21
SPBE,Открытые позиции,33909,22261,12290,23938,92398,2025-05-21
SPBE,Изменение,-3071,4079,3142,-4008,142,2025-05-21
SPBE,Количество лиц,643,302,5,18,968,2025-05-21
