Contract Code,Metric,Value1,Value2,Value3,Value4,Value5,Date
IMOEXF,Открытые позиции,424803,248812,57452,233443,964510,2025-04-22
IMOEXF,Изменение,4799,17922,17099,3976,43796,2025-04-22
IMOEXF,Количество лиц,7804,2482,40,33,10359,2025-04-22
SBER,Открытые позиции,117947,52191,77552,143308,390998,2025-04-22
SBER,Изменение,15555,-1980,-6340,11195,18430,2025-04-22
SBER,Количество лиц,3965,1294,50,50,5359,2025-04-22
GAZP,Открытые позиции,204790,33940,293700,464550,996980,2025-04-22
GAZP,Изменение,10125,4306,516,6335,21282,2025-04-22
GAZP,Количество лиц,3351,1101,11,112,4575,2025-04-22
SMLT,Открытые позиции,202847,36232,6191,172806,418076,2025-04-22
SMLT,Изменение,-5267,-12743,-1553,5923,-13640,2025-04-22
SMLT,Количество лиц,892,296,5,23,1216,2025-04-22
GMKN,Открытые позиции,367802,33302,178144,512644,1091892,2025-04-22
GMKN,Изменение,35211,-36150,-4412,66949,61598,2025-04-22
GMKN,Количество лиц,1761,270,10,75,2116,2025-04-22
YDEX,Открытые позиции,129652,34066,6114,101700,271532,2025-04-22
YDEX,Изменение,15754,2142,-5446,8166,20616,2025-04-22
YDEX,Количество лиц,1357,297,5,28,1687,2025-04-22
MGNT,Открытые позиции,87257,5179,2708,84786,179930,2025-04-22
MGNT,Изменение,-2262,-495,229,-1538,-4066,2025-04-22
MGNT,Количество лиц,1205,183,8,18,1414,2025-04-22
ABIO,Открытые позиции,3801,545,113,3369,7828,2025-04-22
ABIO,Изменение,-48,-3,0,-45,-96,2025-04-22
ABIO,Количество лиц,74,10,1,2,87,2025-04-22
VTBR,Открытые позиции,149934,38046,32457,144345,364782,2025-04-22
VTBR,Изменение,6082,3239,-3830,-987,4504,2025-04-22
VTBR,Количество лиц,2483,731,17,39,3270,2025-04-22
SGZH,Открытые позиции,60487,63295,4599,1791,130172,2025-04-22
SGZH,Изменение,-438,-2020,-1073,509,-3022,2025-04-22
SGZH,Количество лиц,569,255,3,7,834,2025-04-22
TRNFP,Открытые позиции,120136,27112,3973,96997,248218,2025-04-22
TRNFP,Изменение,599,745,332,186,1862,2025-04-22
TRNFP,Количество лиц,764,143,1,45,953,2025-04-22
WUSH,Открытые позиции,56071,3704,1927,54294,115996,2025-04-22
WUSH,Изменение,2054,-604,-236,2422,3636,2025-04-22
WUSH,Количество лиц,651,118,5,17,791,2025-04-22
VKCO,Открытые позиции,65772,13910,1334,53196,134212,2025-04-22
VKCO,Изменение,1918,-388,-5,2301,3826,2025-04-22
VKCO,Количество лиц,773,236,2,31,1042,2025-04-22
BABA,Открытые позиции,39344,3570,301,36075,79290,2025-04-22
BABA,Изменение,1688,-114,0,1802,3376,2025-04-22
BABA,Количество лиц,403,117,3,3,526,2025-04-22
BIDU,Открытые позиции,30042,1960,1,28083,60086,2025-04-22
BIDU,Изменение,-280,-5,0,-275,-560,2025-04-22
BIDU,Количество лиц,204,42,1,4,251,2025-04-22
SIBN,Открытые позиции,22568,2024,843,21387,46822,2025-04-22
SIBN,Изменение,130,6,1,125,262,2025-04-22
SIBN,Количество лиц,607,84,3,23,717,2025-04-22
RNFT,Открытые позиции,48271,21553,20,26738,96582,2025-04-22
RNFT,Изменение,3325,1954,-519,852,5612,2025-04-22
RNFT,Количество лиц,385,140,1,24,550,2025-04-22
MVID,Открытые позиции,9763,9966,981,778,21488,2025-04-22
MVID,Изменение,-171,-74,-176,-273,-694,2025-04-22
MVID,Количество лиц,130,109,2,5,246,2025-04-22
PIKK,Открытые позиции,46346,14600,1002,32748,94696,2025-04-22
PIKK,Изменение,7281,922,-392,5967,13778,2025-04-22
PIKK,Количество лиц,657,245,3,42,947,2025-04-22
BELU,Открытые позиции,42798,36403,190,6585,85976,2025-04-22
BELU,Изменение,1196,1993,-411,-1208,1570,2025-04-22
BELU,Количество лиц,304,74,1,6,385,2025-04-22
MTLR,Открытые позиции,12337,18100,9375,3612,43424,2025-04-22
MTLR,Изменение,125,-136,-265,-4,-280,2025-04-22
MTLR,Количество лиц,424,322,10,7,763,2025-04-22
POSI,Открытые позиции,81118,51103,4082,34097,170400,2025-04-22
POSI,Изменение,2775,-218,-2221,772,1108,2025-04-22
POSI,Количество лиц,670,183,4,23,880,2025-04-22
ASTR,Открытые позиции,69000,20456,2003,50547,142006,2025-04-22
ASTR,Изменение,-6199,-1648,256,-4295,-11886,2025-04-22
ASTR,Количество лиц,439,114,2,7,562,2025-04-22
SOFL,Открытые позиции,25168,2105,263,23326,50862,2025-04-22
SOFL,Изменение,-245,-230,263,248,36,2025-04-22
SOFL,Количество лиц,180,51,1,12,244,2025-04-22
ALRS,Открытые позиции,19844,3626,80987,97205,201662,2025-04-22
ALRS,Изменение,-673,-105,-70,-638,-1486,2025-04-22
ALRS,Количество лиц,538,151,4,63,756,2025-04-22
NLMK,Открытые позиции,19527,5564,3333,17296,45720,2025-04-22
NLMK,Изменение,702,152,-77,473,1250,2025-04-22
NLMK,Количество лиц,495,123,6,21,645,2025-04-22
AFLT,Открытые позиции,30530,17336,133,13327,61326,2025-04-22
AFLT,Изменение,1695,1850,85,-70,3560,2025-04-22
AFLT,Количество лиц,737,286,4,40,1067,2025-04-22
BANE,Открытые позиции,5576,4202,1995,3369,15142,2025-04-22
BANE,Изменение,-228,-479,-139,112,-734,2025-04-22
BANE,Количество лиц,161,71,4,10,246,2025-04-22
RUAL,Открытые позиции,21394,3610,2346,20130,47480,2025-04-22
RUAL,Изменение,-318,-25,420,127,204,2025-04-22
RUAL,Количество лиц,426,86,6,21,539,2025-04-22
LEAS,Открытые позиции,31010,24324,792,7478,63604,2025-04-22
LEAS,Изменение,1749,-2289,-2027,2011,-556,2025-04-22
LEAS,Количество лиц,225,73,3,9,310,2025-04-22
AFKS,Открытые позиции,7296,5557,1404,3143,17400,2025-04-22
AFKS,Изменение,-922,-679,-143,-386,-2130,2025-04-22
AFKS,Количество лиц,374,205,7,13,599,2025-04-22
RTKM,Открытые позиции,18789,11415,4983,12357,47544,2025-04-22
RTKM,Изменение,-142,-68,-42,-116,-368,2025-04-22
RTKM,Количество лиц,386,139,5,18,548,2025-04-22
SFIN,Открытые позиции,13783,7934,500,6349,28566,2025-04-22
SFIN,Изменение,-2093,-609,0,-1484,-4186,2025-04-22
SFIN,Количество лиц,196,59,1,7,263,2025-04-22
MOEX,Открытые позиции,19642,4333,4928,20237,49140,2025-04-22
MOEX,Изменение,273,-1405,-1042,636,-1538,2025-04-22
MOEX,Количество лиц,1002,195,7,20,1224,2025-04-22
SBERP,Открытые позиции,7567,950,2877,9494,20888,2025-04-22
SBERP,Изменение,557,-255,-337,475,440,2025-04-22
SBERP,Количество лиц,467,113,5,17,602,2025-04-22
ROSN,Открытые позиции,7556,1606,13283,19233,41678,2025-04-22
ROSN,Изменение,148,-115,536,799,1368,2025-04-22
ROSN,Количество лиц,889,166,15,21,1091,2025-04-22
FESH,Открытые позиции,5405,825,33,4613,10876,2025-04-22
FESH,Изменение,-348,350,-18,-716,-732,2025-04-22
FESH,Количество лиц,95,66,1,14,176,2025-04-22
PHOR,Открытые позиции,22329,3977,397,18749,45452,2025-04-22
PHOR,Изменение,-96,187,58,-225,-76,2025-04-22
PHOR,Количество лиц,303,93,3,14,413,2025-04-22
SVCB,Открытые позиции,49375,4312,0,45063,98750,2025-04-22
SVCB,Изменение,961,-442,0,1403,1922,2025-04-22
SVCB,Количество лиц,376,66,0,15,457,2025-04-22
CBOM,Открытые позиции,848,2763,2574,659,6844,2025-04-22
CBOM,Изменение,43,-61,-7,97,72,2025-04-22
CBOM,Количество лиц,66,61,1,8,136,2025-04-22
LKOH,Открытые позиции,10099,4454,47673,53318,115544,2025-04-22
LKOH,Изменение,141,-253,402,796,1086,2025-04-22
LKOH,Количество лиц,1175,262,14,16,1467,2025-04-22
KMAZ,Открытые позиции,10772,3252,20,7540,21584,2025-04-22
KMAZ,Изменение,377,-81,0,458,754,2025-04-22
KMAZ,Количество лиц,149,49,1,11,210,2025-04-22
SNGS,Открытые позиции,10128,1017,1879,10990,24014,2025-04-22
SNGS,Изменение,456,-8,-123,341,666,2025-04-22
SNGS,Количество лиц,440,71,9,32,552,2025-04-22
HYDR,Открытые позиции,9026,1827,243,7442,18538,2025-04-22
HYDR,Изменение,-125,-90,-4,-39,-258,2025-04-22
HYDR,Количество лиц,210,55,1,16,282,2025-04-22
NVTK,Открытые позиции,3672,1461,1188,3399,9720,2025-04-22
NVTK,Изменение,-103,113,-24,-240,-254,2025-04-22
NVTK,Количество лиц,581,220,7,18,826,2025-04-22
FEES,Открытые позиции,4482,793,67,3756,9098,2025-04-22
FEES,Изменение,-397,-112,-5,-290,-804,2025-04-22
FEES,Количество лиц,159,46,1,7,213,2025-04-22
MAGN,Открытые позиции,3465,633,718,3550,8366,2025-04-22
MAGN,Изменение,-4,10,-21,-35,-50,2025-04-22
MAGN,Количество лиц,336,58,7,5,406,2025-04-22
BSPB,Открытые позиции,8506,6557,916,2865,18844,2025-04-22
BSPB,Изменение,213,77,-49,87,328,2025-04-22
BSPB,Количество лиц,247,151,7,6,411,2025-04-22
TATN,Открытые позиции,1742,1354,4012,4400,11508,2025-04-22
TATN,Изменение,2,19,674,657,1352,2025-04-22
TATN,Количество лиц,290,92,12,6,400,2025-04-22
FLOT,Открытые позиции,6173,1759,276,4690,12898,2025-04-22
FLOT,Изменение,59,-70,-19,110,80,2025-04-22
FLOT,Количество лиц,269,81,5,16,371,2025-04-22
MTSS,Открытые позиции,2864,883,1575,3556,8878,2025-04-22
MTSS,Изменение,232,3,-18,211,428,2025-04-22
MTSS,Количество лиц,240,101,3,25,369,2025-04-22
TATNP,Открытые позиции,2020,952,231,1299,4502,2025-04-22
TATNP,Изменение,-30,5,100,65,140,2025-04-22
TATNP,Количество лиц,145,44,2,4,195,2025-04-22
CHMF,Открытые позиции,1434,406,500,1528,3868,2025-04-22
CHMF,Изменение,-22,98,87,-33,130,2025-04-22
CHMF,Количество лиц,214,66,8,14,302,2025-04-22
RASP,Открытые позиции,7622,7294,646,974,16536,2025-04-22
RASP,Изменение,111,165,21,-33,264,2025-04-22
RASP,Количество лиц,103,66,5,9,183,2025-04-22
IRAO,Открытые позиции,2357,1413,1189,2133,7092,2025-04-22
IRAO,Изменение,68,-39,-33,74,70,2025-04-22
IRAO,Количество лиц,268,47,6,7,328,2025-04-22
SNGSP,Открытые позиции,4524,612,296,4208,9640,2025-04-22
SNGSP,Изменение,-141,-71,-9,-79,-300,2025-04-22
SNGSP,Количество лиц,386,96,6,20,508,2025-04-22
PLZL,Открытые позиции,799,1312,1124,611,3846,2025-04-22
PLZL,Изменение,81,52,21,50,204,2025-04-22
PLZL,Количество лиц,182,150,11,10,353,2025-04-22
SPBE,Открытые позиции,38173,19907,4582,22848,85510,2025-04-22
SPBE,Изменение,2423,-7818,-8195,2046,-11544,2025-04-22
SPBE,Количество лиц,641,276,6,14,937,2025-04-22
