Contract Code,Metric,Value1,Value2,Value3,Value4,Value5,Date
IMOEXF,Открытые позиции,411088,293650,36788,154226,895752,2025-05-23
IMOEXF,Изменение,-416,6894,9,-7301,-814,2025-05-23
IMOEXF,Количество лиц,7142,2532,23,42,9739,2025-05-23
SBER,Открытые позиции,116439,44492,113869,185816,460616,2025-05-23
SBER,Изменение,5053,360,31,4724,10168,2025-05-23
SBER,Количество лиц,3681,1593,37,91,5402,2025-05-23
GAZP,Открытые позиции,221010,103480,336421,453951,1114862,2025-05-23
GAZP,Изменение,-10611,-1409,16361,7159,11500,2025-05-23
GAZP,Количество лиц,3630,1704,33,74,5441,2025-05-23
SMLT,Открытые позиции,195952,41385,19711,174278,431326,2025-05-23
SMLT,Изменение,-2008,-23650,-7779,13863,-19574,2025-05-23
SMLT,Количество лиц,927,302,6,24,1259,2025-05-23
GMKN,Открытые позиции,385620,44865,102522,443277,976284,2025-05-23
GMKN,Изменение,19385,-30360,388,50133,39546,2025-05-23
GMKN,Количество лиц,1771,292,15,71,2149,2025-05-23
YDEX,Открытые позиции,124948,20554,1072,105466,252040,2025-05-23
YDEX,Изменение,2738,-6915,-1035,8618,3406,2025-05-23
YDEX,Количество лиц,1225,268,8,45,1546,2025-05-23
MGNT,Открытые позиции,121074,18148,11678,114604,265504,2025-05-23
MGNT,Изменение,17072,8269,4176,12979,42496,2025-05-23
MGNT,Количество лиц,1401,294,12,40,1747,2025-05-23
ABIO,Открытые позиции,3360,356,338,3342,7396,2025-05-23
ABIO,Изменение,6,-112,-97,21,-182,2025-05-23
ABIO,Количество лиц,76,11,1,2,90,2025-05-23
VTBR,Открытые позиции,170561,26590,5244,149215,351610,2025-05-23
VTBR,Изменение,8310,-4145,-1055,11400,14510,2025-05-23
VTBR,Количество лиц,2338,727,10,64,3139,2025-05-23
SGZH,Открытые позиции,58162,59877,2108,393,120540,2025-05-23
SGZH,Изменение,-39,385,119,-305,160,2025-05-23
SGZH,Количество лиц,496,241,3,3,743,2025-05-23
TRNFP,Открытые позиции,156638,31251,21852,147239,356980,2025-05-23
TRNFP,Изменение,10548,319,48,10277,21192,2025-05-23
TRNFP,Количество лиц,860,170,2,36,1068,2025-05-23
WUSH,Открытые позиции,46254,5664,8607,49197,109722,2025-05-23
WUSH,Изменение,-1760,470,1754,-476,-12,2025-05-23
WUSH,Количество лиц,610,122,10,9,751,2025-05-23
VKCO,Открытые позиции,61260,12486,3737,52511,129994,2025-05-23
VKCO,Изменение,1618,-1908,1742,5268,6720,2025-05-23
VKCO,Количество лиц,713,206,3,27,949,2025-05-23
SIBN,Открытые позиции,19734,2052,105,17787,39678,2025-05-23
SIBN,Изменение,562,72,-312,178,500,2025-05-23
SIBN,Количество лиц,596,92,3,16,707,2025-05-23
ASTR,Открытые позиции,73681,9637,349,64393,148060,2025-05-23
ASTR,Изменение,-379,-139,349,109,-60,2025-05-23
ASTR,Количество лиц,419,94,2,10,525,2025-05-23
ALRS,Открытые позиции,28068,3813,81281,105536,218698,2025-05-23
ALRS,Изменение,1710,-373,-26,2057,3368,2025-05-23
ALRS,Количество лиц,592,179,5,47,823,2025-05-23
AFLT,Открытые позиции,16942,14392,440,2990,34764,2025-05-23
AFLT,Изменение,-96,-320,-222,2,-636,2025-05-23
AFLT,Количество лиц,589,251,8,18,866,2025-05-23
BANE,Открытые позиции,5543,3765,474,2252,12034,2025-05-23
BANE,Изменение,279,-249,278,806,1114,2025-05-23
BANE,Количество лиц,163,81,2,13,259,2025-05-23
LEAS,Открытые позиции,35105,9824,2086,27367,74382,2025-05-23
LEAS,Изменение,-1082,-518,418,-146,-1328,2025-05-23
LEAS,Количество лиц,268,66,1,6,341,2025-05-23
AFKS,Открытые позиции,6754,6252,1754,2256,17016,2025-05-23
AFKS,Изменение,-38,143,13,-168,-50,2025-05-23
AFKS,Количество лиц,339,228,8,8,583,2025-05-23
RTKM,Открытые позиции,23655,8664,5021,20012,57352,2025-05-23
RTKM,Изменение,635,-327,-97,865,1076,2025-05-23
RTKM,Количество лиц,446,152,5,19,622,2025-05-23
SFIN,Открытые позиции,12900,11424,0,1476,25800,2025-05-23
SFIN,Изменение,247,25,-232,-10,30,2025-05-23
SFIN,Количество лиц,198,68,0,6,272,2025-05-23
MOEX,Открытые позиции,16473,3603,6151,19021,45248,2025-05-23
MOEX,Изменение,558,30,65,593,1246,2025-05-23
MOEX,Количество лиц,829,160,11,26,1026,2025-05-23
SBERP,Открытые позиции,9713,1413,3510,11810,26446,2025-05-23
SBERP,Изменение,1057,20,-38,999,2038,2025-05-23
SBERP,Количество лиц,439,139,6,28,612,2025-05-23
ROSN,Открытые позиции,9361,2276,9827,16912,38376,2025-05-23
ROSN,Изменение,466,457,-774,-765,-616,2025-05-23
ROSN,Количество лиц,945,214,11,39,1209,2025-05-23
FESH,Открытые позиции,5449,2396,0,3053,10898,2025-05-23
FESH,Изменение,283,-26,0,309,566,2025-05-23
FESH,Количество лиц,89,69,0,13,171,2025-05-23
PHOR,Открытые позиции,21039,6853,1147,15333,44372,2025-05-23
PHOR,Изменение,-500,-475,253,228,-494,2025-05-23
PHOR,Количество лиц,268,129,5,10,412,2025-05-23
SVCB,Открытые позиции,59364,15538,0,43826,118728,2025-05-23
SVCB,Изменение,-683,-1742,-194,865,-1754,2025-05-23
SVCB,Количество лиц,447,186,0,11,644,2025-05-23
CBOM,Открытые позиции,9838,34444,24607,1,68890,2025-05-23
CBOM,Изменение,8840,31972,22518,-614,62716,2025-05-23
CBOM,Количество лиц,125,52,15,1,193,2025-05-23
LKOH,Открытые позиции,10748,10921,81301,81128,184098,2025-05-23
LKOH,Изменение,-564,3391,4808,853,8488,2025-05-23
LKOH,Количество лиц,1068,386,18,15,1487,2025-05-23
KMAZ,Открытые позиции,10043,5299,1018,5762,22122,2025-05-23
KMAZ,Изменение,-124,-13,118,7,-12,2025-05-23
KMAZ,Количество лиц,167,64,4,9,244,2025-05-23
SNGS,Открытые позиции,11062,1353,1534,11243,25192,2025-05-23
SNGS,Изменение,-24,80,-5,-109,-58,2025-05-23
SNGS,Количество лиц,478,104,6,19,607,2025-05-23
HYDR,Открытые позиции,9207,1483,478,8202,19370,2025-05-23
HYDR,Изменение,507,284,-78,145,858,2025-05-23
HYDR,Количество лиц,237,63,3,14,317,2025-05-23
NVTK,Открытые позиции,4617,772,615,4460,10464,2025-05-23
NVTK,Изменение,252,-193,-118,327,268,2025-05-23
NVTK,Количество лиц,596,152,7,26,781,2025-05-23
FEES,Открытые позиции,5294,774,285,4805,11158,2025-05-23
FEES,Изменение,-220,49,-29,-298,-498,2025-05-23
FEES,Количество лиц,169,65,3,8,245,2025-05-23
MAGN,Открытые позиции,3531,634,629,3526,8320,2025-05-23
MAGN,Изменение,82,20,-58,4,48,2025-05-23
MAGN,Количество лиц,334,89,5,8,436,2025-05-23
BSPB,Открытые позиции,8300,11658,3584,226,23768,2025-05-23
BSPB,Изменение,-942,315,137,-1120,-1610,2025-05-23
BSPB,Количество лиц,253,126,4,4,387,2025-05-23
TATN,Открытые позиции,1836,1810,12792,12818,29256,2025-05-23
TATN,Изменение,13,166,1200,1047,2426,2025-05-23
TATN,Количество лиц,266,129,10,6,411,2025-05-23
FLOT,Открытые позиции,9393,4113,414,5694,19614,2025-05-23
FLOT,Изменение,79,1193,109,-1005,376,2025-05-23
FLOT,Количество лиц,304,168,3,11,486,2025-05-23
MTSS,Открытые позиции,2710,1741,3407,4376,12234,2025-05-23
MTSS,Изменение,-45,72,281,164,472,2025-05-23
MTSS,Количество лиц,278,123,11,17,429,2025-05-23
TATNP,Открытые позиции,1721,1455,1953,2219,7348,2025-05-23
TATNP,Изменение,61,378,418,101,958,2025-05-23
TATNP,Количество лиц,146,52,5,4,207,2025-05-23
CHMF,Открытые позиции,1635,329,535,1841,4340,2025-05-23
CHMF,Изменение,10,-9,-62,-43,-104,2025-05-23
CHMF,Количество лиц,206,78,11,15,310,2025-05-23
RASP,Открытые позиции,7322,5477,459,2304,15562,2025-05-23
RASP,Изменение,-150,334,187,-297,74,2025-05-23
RASP,Количество лиц,157,77,4,10,248,2025-05-23
IRAO,Открытые позиции,2528,1958,6280,6850,17616,2025-05-23
IRAO,Изменение,31,48,47,30,156,2025-05-23
IRAO,Количество лиц,268,116,6,6,396,2025-05-23
SNGSP,Открытые позиции,4208,468,687,4427,9790,2025-05-23
SNGSP,Изменение,-29,-215,-4,182,-66,2025-05-23
SNGSP,Количество лиц,392,95,10,16,513,2025-05-23
PLZL,Открытые позиции,926,191,951,1686,3754,2025-05-23
PLZL,Изменение,2,-42,-11,33,-18,2025-05-23
PLZL,Количество лиц,230,83,5,31,349,2025-05-23
SPBE,Открытые позиции,34365,23003,15238,26600,99206,2025-05-23
SPBE,Изменение,1432,-724,1011,3167,4886,2025-05-23
SPBE,Количество лиц,644,298,8,17,967,2025-05-23
