Contract Code,Metric,Value1,Value2,Value3,Value4,Value5,Date
IMOEXF,Открытые позиции,584532,241701,32273,375104,1233610,2025-03-27
IMOEXF,Изменение,-3323,-2823,-2302,-2802,-11250,2025-03-27
IMOEXF,Количество лиц,7959,1870,22,37,9888,2025-03-27
SBER,Открытые позиции,102768,61621,72104,113251,349744,2025-03-27
SBER,Изменение,-119,-5094,156,5131,74,2025-03-27
SBER,Количество лиц,3089,1946,29,45,5109,2025-03-27
GAZP,Открытые позиции,245273,48941,147010,343342,784566,2025-03-27
GAZP,Изменение,10297,-1710,3962,15969,28518,2025-03-27
GAZP,Количество лиц,2203,1177,22,61,3463,2025-03-27
SMLT,Открытые позиции,238286,68485,62,169863,476696,2025-03-27
SMLT,Изменение,15851,1947,62,13966,31826,2025-03-27
SMLT,Количество лиц,784,343,1,29,1157,2025-03-27
GMKN,Открытые позиции,329641,37210,113774,406205,886830,2025-03-27
GMKN,Изменение,8934,-17143,373,26450,18614,2025-03-27
GMKN,Количество лиц,1246,284,9,51,1590,2025-03-27
YDEX,Открытые позиции,113029,14924,26210,124315,278478,2025-03-27
YDEX,Изменение,1814,-3818,1231,6863,6090,2025-03-27
YDEX,Количество лиц,977,170,5,24,1176,2025-03-27
MGNT,Открытые позиции,68698,6302,74243,136639,285882,2025-03-27
MGNT,Изменение,5105,-665,-4955,815,300,2025-03-27
MGNT,Количество лиц,1065,177,5,19,1266,2025-03-27
ABIO,Открытые позиции,1750,512,0,1238,3500,2025-03-27
ABIO,Изменение,-89,-200,0,111,-178,2025-03-27
ABIO,Количество лиц,49,17,0,8,74,2025-03-27
VTBR,Открытые позиции,172538,14298,9697,167937,364470,2025-03-27
VTBR,Изменение,4576,802,968,4742,11088,2025-03-27
VTBR,Количество лиц,2286,514,2,63,2865,2025-03-27
SGZH,Открытые позиции,66753,66153,873,1473,135252,2025-03-27
SGZH,Изменение,6391,3905,-1097,1389,10588,2025-03-27
SGZH,Количество лиц,554,352,3,7,916,2025-03-27
TRNFP,Открытые позиции,100995,25460,494,76029,202978,2025-03-27
TRNFP,Изменение,810,844,0,-34,1620,2025-03-27
TRNFP,Количество лиц,621,226,2,21,870,2025-03-27
WUSH,Открытые позиции,60900,9106,0,51794,121800,2025-03-27
WUSH,Изменение,399,639,-91,-331,616,2025-03-27
WUSH,Количество лиц,591,144,0,20,755,2025-03-27
VKCO,Открытые позиции,71778,47458,3120,27440,149796,2025-03-27
VKCO,Изменение,-3620,-4299,-77,602,-7394,2025-03-27
VKCO,Количество лиц,827,507,6,15,1355,2025-03-27
BABA,Открытые позиции,17597,2304,260,15553,35714,2025-03-27
BABA,Изменение,5263,137,0,5126,10526,2025-03-27
BABA,Количество лиц,404,135,2,5,546,2025-03-27
BIDU,Открытые позиции,32539,2402,0,30137,65078,2025-03-27
BIDU,Изменение,-1913,870,0,-2783,-3826,2025-03-27
BIDU,Количество лиц,220,38,0,4,262,2025-03-27
SIBN,Открытые позиции,20763,1532,0,19231,41526,2025-03-27
SIBN,Изменение,1165,-156,-10,1311,2310,2025-03-27
SIBN,Количество лиц,598,78,0,18,694,2025-03-27
RNFT,Открытые позиции,41742,26170,0,15572,83484,2025-03-27
RNFT,Изменение,5487,3991,-49,1447,10876,2025-03-27
RNFT,Количество лиц,265,255,0,20,540,2025-03-27
MVID,Открытые позиции,17488,16617,1112,1983,37200,2025-03-27
MVID,Изменение,1462,-968,-2498,-68,-2072,2025-03-27
MVID,Количество лиц,174,171,1,3,349,2025-03-27
PIKK,Открытые позиции,24643,14217,432,10858,50150,2025-03-27
PIKK,Изменение,700,1074,10,-364,1420,2025-03-27
PIKK,Количество лиц,494,304,2,9,809,2025-03-27
BELU,Открытые позиции,24037,20530,0,3507,48074,2025-03-27
BELU,Изменение,1202,5238,0,-4036,2404,2025-03-27
BELU,Количество лиц,188,96,0,5,289,2025-03-27
MTLR,Открытые позиции,8428,16552,8609,485,34074,2025-03-27
MTLR,Изменение,-483,467,1100,150,1234,2025-03-27
MTLR,Количество лиц,382,332,4,7,725,2025-03-27
POSI,Открытые позиции,60478,47492,990,13976,122936,2025-03-27
POSI,Изменение,-404,2087,852,-1639,896,2025-03-27
POSI,Количество лиц,596,209,4,5,814,2025-03-27
ASTR,Открытые позиции,69470,10021,110,59559,139160,2025-03-27
ASTR,Изменение,7835,680,110,7265,15890,2025-03-27
ASTR,Количество лиц,384,99,1,10,494,2025-03-27
SOFL,Открытые позиции,20602,3070,0,17532,41204,2025-03-27
SOFL,Изменение,535,-187,0,722,1070,2025-03-27
SOFL,Количество лиц,198,53,0,13,264,2025-03-27
ALRS,Открытые позиции,16954,7100,79277,89131,192462,2025-03-27
ALRS,Изменение,-985,271,4,-1252,-1962,2025-03-27
ALRS,Количество лиц,433,195,3,26,657,2025-03-27
NLMK,Открытые позиции,19477,5823,2551,16205,44056,2025-03-27
NLMK,Изменение,567,526,32,73,1198,2025-03-27
NLMK,Количество лиц,433,184,6,14,637,2025-03-27
AFLT,Открытые позиции,27253,12038,660,15875,55826,2025-03-27
AFLT,Изменение,-284,-307,-21,2,-610,2025-03-27
AFLT,Количество лиц,512,275,2,29,818,2025-03-27
BANE,Открытые позиции,2558,7856,5395,97,15906,2025-03-27
BANE,Изменение,233,31,-167,35,132,2025-03-27
BANE,Количество лиц,101,59,4,2,166,2025-03-27
RUAL,Открытые позиции,18949,3807,322,15464,38542,2025-03-27
RUAL,Изменение,996,-221,-69,1148,1854,2025-03-27
RUAL,Количество лиц,417,117,1,19,554,2025-03-27
LEAS,Открытые позиции,24040,7766,978,17252,50036,2025-03-27
LEAS,Изменение,2805,1117,-36,1652,5538,2025-03-27
LEAS,Количество лиц,184,60,1,12,257,2025-03-27
AFKS,Открытые позиции,7600,3577,0,4023,15200,2025-03-27
AFKS,Изменение,-98,-141,-22,21,-240,2025-03-27
AFKS,Количество лиц,292,199,0,9,500,2025-03-27
RTKM,Открытые позиции,9773,3289,17605,24089,54756,2025-03-27
RTKM,Изменение,2033,-682,-12677,-9962,-21288,2025-03-27
RTKM,Количество лиц,307,93,5,10,415,2025-03-27
SFIN,Открытые позиции,17528,7806,0,9722,35056,2025-03-27
SFIN,Изменение,1457,1850,-38,-431,2838,2025-03-27
SFIN,Количество лиц,192,54,0,11,257,2025-03-27
MOEX,Открытые позиции,18463,5143,962,14282,38850,2025-03-27
MOEX,Изменение,811,-228,-36,1003,1550,2025-03-27
MOEX,Количество лиц,996,148,3,11,1158,2025-03-27
SBERP,Открытые позиции,4250,2296,860,2814,10220,2025-03-27
SBERP,Изменение,125,143,-10,-28,230,2025-03-27
SBERP,Количество лиц,258,114,5,11,388,2025-03-27
ROSN,Открытые позиции,6754,1408,9514,14860,32536,2025-03-27
ROSN,Изменение,165,-57,-3,219,324,2025-03-27
ROSN,Количество лиц,674,174,6,35,889,2025-03-27
PHOR,Открытые позиции,12289,4176,953,9066,26484,2025-03-27
PHOR,Изменение,4533,-1261,673,6467,10412,2025-03-27
PHOR,Количество лиц,309,118,4,9,440,2025-03-27
SVCB,Открытые позиции,57011,3275,65,53801,114152,2025-03-27
SVCB,Изменение,-1788,-130,65,-1593,-3446,2025-03-27
SVCB,Количество лиц,312,83,1,11,407,2025-03-27
CBOM,Открытые позиции,392,3855,3512,49,7808,2025-03-27
CBOM,Изменение,29,-134,-162,1,-266,2025-03-27
CBOM,Количество лиц,49,105,4,2,160,2025-03-27
LKOH,Открытые позиции,8165,4467,9533,13231,35396,2025-03-27
LKOH,Изменение,692,714,-232,-254,920,2025-03-27
LKOH,Количество лиц,1102,298,9,22,1431,2025-03-27
KMAZ,Открытые позиции,7886,1589,200,6497,16172,2025-03-27
KMAZ,Изменение,-728,243,130,-841,-1196,2025-03-27
KMAZ,Количество лиц,131,46,1,9,187,2025-03-27
SNGS,Открытые позиции,9273,1312,4120,12081,26786,2025-03-27
SNGS,Изменение,-224,7,298,67,148,2025-03-27
SNGS,Количество лиц,330,71,5,42,448,2025-03-27
HYDR,Открытые позиции,5462,1200,5,4267,10934,2025-03-27
HYDR,Изменение,54,-8,5,67,118,2025-03-27
HYDR,Количество лиц,207,70,1,15,293,2025-03-27
NVTK,Открытые позиции,3802,1021,1711,4492,11026,2025-03-27
NVTK,Изменение,-70,-129,5,64,-130,2025-03-27
NVTK,Количество лиц,577,164,9,18,768,2025-03-27
FEES,Открытые позиции,3655,621,0,3034,7310,2025-03-27
FEES,Изменение,-87,62,0,-149,-174,2025-03-27
FEES,Количество лиц,147,42,0,9,198,2025-03-27
MAGN,Открытые позиции,3496,463,24,3057,7040,2025-03-27
MAGN,Изменение,200,-91,3,294,406,2025-03-27
MAGN,Количество лиц,302,83,2,8,395,2025-03-27
BSPB,Открытые позиции,8469,5058,2,3413,16942,2025-03-27
BSPB,Изменение,194,180,-62,-48,264,2025-03-27
BSPB,Количество лиц,268,115,1,6,390,2025-03-27
TATN,Открытые позиции,1472,575,1746,2643,6436,2025-03-27
TATN,Изменение,19,-134,-4,149,30,2025-03-27
TATN,Количество лиц,294,84,2,27,407,2025-03-27
FLOT,Открытые позиции,6658,3007,35,3686,13386,2025-03-27
FLOT,Изменение,1318,262,9,1065,2654,2025-03-27
FLOT,Количество лиц,260,88,2,12,362,2025-03-27
MTSS,Открытые позиции,1966,2132,897,731,5726,2025-03-27
MTSS,Изменение,-10,-105,-3,92,-26,2025-03-27
MTSS,Количество лиц,176,132,3,20,331,2025-03-27
TATNP,Открытые позиции,2265,167,105,2203,4740,2025-03-27
TATNP,Изменение,-249,-6,5,-238,-488,2025-03-27
TATNP,Количество лиц,143,38,2,7,190,2025-03-27
CHMF,Открытые позиции,772,221,506,1057,2556,2025-03-27
CHMF,Изменение,126,-71,-21,176,210,2025-03-27
CHMF,Количество лиц,141,43,5,6,195,2025-03-27
RASP,Открытые позиции,7498,3917,5,3586,15006,2025-03-27
RASP,Изменение,-126,66,0,-192,-252,2025-03-27
RASP,Количество лиц,120,56,1,9,186,2025-03-27
IRAO,Открытые позиции,2743,1874,793,1662,7072,2025-03-27
IRAO,Изменение,61,13,-1,47,120,2025-03-27
IRAO,Количество лиц,263,44,2,9,318,2025-03-27
SNGSP,Открытые позиции,3848,480,760,4128,9216,2025-03-27
SNGSP,Изменение,215,31,0,184,430,2025-03-27
SNGSP,Количество лиц,367,64,3,27,461,2025-03-27
PLZL,Открытые позиции,401,869,694,226,2190,2025-03-27
PLZL,Изменение,19,17,-11,-9,16,2025-03-27
PLZL,Количество лиц,127,116,5,3,251,2025-03-27
SPBE,Открытые позиции,30303,7099,0,23204,60606,2025-03-27
SPBE,Изменение,508,501,0,7,1016,2025-03-27
SPBE,Количество лиц,473,140,0,16,629,2025-03-27
