Contract Code,Metric,Value1,Value2,Value3,Value4,Value5,Date
IMOEXF,Открытые позиции,417768,306302,47164,158630,929864,2025-05-31
IMOEXF,Изменение,15794,7124,5275,13945,42138,2025-05-31
IMOEXF,Количество лиц,7767,2761,34,35,10597,2025-05-31
SBER,Открытые позиции,146028,40275,101049,206802,494154,2025-05-31
SBER,Изменение,7334,1005,1902,8231,18472,2025-05-31
SBER,Количество лиц,4297,1240,53,69,5659,2025-05-31
GAZP,Открытые позиции,230885,84006,456588,603467,1374946,2025-05-31
GAZP,Изменение,409,9508,20081,10982,40980,2025-05-31
GAZP,Количество лиц,3728,1304,26,79,5137,2025-05-31
SMLT,Открытые позиции,243015,55622,19349,206742,524728,2025-05-31
SMLT,Изменение,-3410,-5464,-867,1187,-8554,2025-05-31
SMLT,Количество лиц,941,335,5,34,1315,2025-05-31
GMKN,Открытые позиции,438598,26855,92207,503950,1061610,2025-05-31
GMKN,Изменение,4223,-734,2573,7530,13592,2025-05-31
GMKN,Количество лиц,1891,296,7,50,2244,2025-05-31
YDEX,Открытые позиции,146393,18525,1001,128869,294788,2025-05-31
YDEX,Изменение,969,-545,-104,1410,1730,2025-05-31
YDEX,Количество лиц,1420,248,3,44,1715,2025-05-31
MGNT,Открытые позиции,160077,14589,14500,159988,349154,2025-05-31
MGNT,Изменение,8038,-1271,-4586,4723,6904,2025-05-31
MGNT,Количество лиц,1595,256,11,31,1893,2025-05-31
ABIO,Открытые позиции,3426,565,519,3380,7890,2025-05-31
ABIO,Изменение,279,0,-279,0,0,2025-05-31
ABIO,Количество лиц,81,14,3,2,100,2025-05-31
VTBR,Открытые позиции,196848,26672,12582,182758,418860,2025-05-31
VTBR,Изменение,12729,4587,6731,14873,38920,2025-05-31
VTBR,Количество лиц,2551,676,10,54,3291,2025-05-31
SGZH,Открытые позиции,56805,67759,11132,178,135874,2025-05-31
SGZH,Изменение,-1353,3529,4596,-286,6486,2025-05-31
SGZH,Количество лиц,477,273,4,2,756,2025-05-31
TRNFP,Открытые позиции,148487,85230,53157,116414,403288,2025-05-31
TRNFP,Изменение,-4937,3878,7538,-1277,5202,2025-05-31
TRNFP,Количество лиц,764,212,6,8,990,2025-05-31
WUSH,Открытые позиции,52874,7278,5450,51046,116648,2025-05-31
WUSH,Изменение,2197,-76,-1403,870,1588,2025-05-31
WUSH,Количество лиц,649,140,5,11,805,2025-05-31
VKCO,Открытые позиции,57161,15481,5264,46944,124850,2025-05-31
VKCO,Изменение,-890,-621,-128,-397,-2036,2025-05-31
VKCO,Количество лиц,725,231,3,11,970,2025-05-31
BABA,Открытые позиции,18902,5397,0,13505,37804,2025-05-31
BABA,Изменение,1262,-120,0,1382,2524,2025-05-31
BABA,Количество лиц,353,105,0,4,462,2025-05-31
BIDU,Открытые позиции,30015,6637,20,23398,60070,2025-05-31
BIDU,Изменение,641,188,0,453,1282,2025-05-31
BIDU,Количество лиц,313,38,1,4,356,2025-05-31
SIBN,Открытые позиции,15089,2299,5042,17832,40262,2025-05-31
SIBN,Изменение,233,-11,-251,-7,-36,2025-05-31
SIBN,Количество лиц,490,107,11,9,617,2025-05-31
RNFT,Открытые позиции,49876,28494,89,21471,99930,2025-05-31
RNFT,Изменение,-622,-353,-180,-449,-1604,2025-05-31
RNFT,Количество лиц,308,134,1,13,456,2025-05-31
MVID,Открытые позиции,9841,10449,1404,796,22490,2025-05-31
MVID,Изменение,943,498,-547,-102,792,2025-05-31
MVID,Количество лиц,142,96,2,2,242,2025-05-31
PIKK,Открытые позиции,43942,30534,5369,18777,98622,2025-05-31
PIKK,Изменение,-6435,4431,2564,-8302,-7742,2025-05-31
PIKK,Количество лиц,651,612,7,15,1285,2025-05-31
BELU,Открытые позиции,49907,41846,1383,9444,102580,2025-05-31
BELU,Изменение,118,-185,333,636,902,2025-05-31
BELU,Количество лиц,340,96,3,6,445,2025-05-31
MTLR,Открытые позиции,12891,22119,13482,4254,52746,2025-05-31
MTLR,Изменение,-888,1564,2465,13,3154,2025-05-31
MTLR,Количество лиц,456,395,8,4,863,2025-05-31
POSI,Открытые позиции,88966,21764,1055,68257,180042,2025-05-31
POSI,Изменение,1667,1492,324,499,3982,2025-05-31
POSI,Количество лиц,733,185,6,17,941,2025-05-31
ASTR,Открытые позиции,61830,11381,0,50449,123660,2025-05-31
ASTR,Изменение,-1622,551,-336,-2509,-3916,2025-05-31
ASTR,Количество лиц,421,95,0,16,532,2025-05-31
SOFL,Открытые позиции,27828,2597,157,25388,55970,2025-05-31
SOFL,Изменение,-1646,-11,83,-1552,-3126,2025-05-31
SOFL,Количество лиц,178,51,1,13,243,2025-05-31
ALRS,Открытые позиции,29398,3507,81533,107424,221862,2025-05-31
ALRS,Изменение,121,27,-23,71,196,2025-05-31
ALRS,Количество лиц,569,182,5,33,789,2025-05-31
NLMK,Открытые позиции,20933,5366,3173,18740,48212,2025-05-31
NLMK,Изменение,-148,169,2,-315,-292,2025-05-31
NLMK,Количество лиц,511,130,6,28,675,2025-05-31
AFLT,Открытые позиции,24004,13146,99,10957,48206,2025-05-31
AFLT,Изменение,427,-38,-18,447,818,2025-05-31
AFLT,Количество лиц,634,236,5,31,906,2025-05-31
BANE,Открытые позиции,5569,3139,287,2717,11712,2025-05-31
BANE,Изменение,-126,-46,-302,-382,-856,2025-05-31
BANE,Количество лиц,169,81,2,14,266,2025-05-31
RUAL,Открытые позиции,28604,3901,1816,26519,60840,2025-05-31
RUAL,Изменение,275,584,108,-201,766,2025-05-31
RUAL,Количество лиц,492,119,6,20,637,2025-05-31
LEAS,Открытые позиции,43626,13529,2868,32965,92988,2025-05-31
LEAS,Изменение,3593,1448,1775,3920,10736,2025-05-31
LEAS,Количество лиц,278,76,3,6,363,2025-05-31
AFKS,Открытые позиции,6592,8220,2360,732,17904,2025-05-31
AFKS,Изменение,26,122,-154,-250,-256,2025-05-31
AFKS,Количество лиц,336,247,9,10,602,2025-05-31
RTKM,Открытые позиции,24102,8591,5061,20572,58326,2025-05-31
RTKM,Изменение,-840,110,40,-910,-1600,2025-05-31
RTKM,Количество лиц,426,126,5,21,578,2025-05-31
SFIN,Открытые позиции,12855,12847,1505,1513,28720,2025-05-31
SFIN,Изменение,-475,-596,-25,96,-1000,2025-05-31
SFIN,Количество лиц,211,53,7,5,276,2025-05-31
MOEX,Открытые позиции,17573,3382,5992,20183,47130,2025-05-31
MOEX,Изменение,384,-164,183,731,1134,2025-05-31
MOEX,Количество лиц,852,159,10,25,1046,2025-05-31
SBERP,Открытые позиции,10535,1496,3892,12931,28854,2025-05-31
SBERP,Изменение,309,-108,2,419,622,2025-05-31
SBERP,Количество лиц,506,121,7,17,651,2025-05-31
ROSN,Открытые позиции,12621,1622,8130,19129,41502,2025-05-31
ROSN,Изменение,78,-325,0,403,156,2025-05-31
ROSN,Количество лиц,970,203,8,37,1218,2025-05-31
FESH,Открытые позиции,5250,2067,68,3251,10636,2025-05-31
FESH,Изменение,-10,33,64,21,108,2025-05-31
FESH,Количество лиц,90,61,1,16,168,2025-05-31
PHOR,Открытые позиции,6067,5522,8874,9419,29882,2025-05-31
PHOR,Изменение,-123,-746,-669,-46,-1584,2025-05-31
PHOR,Количество лиц,282,153,11,7,453,2025-05-31
SVCB,Открытые позиции,63368,12869,0,50499,126736,2025-05-31
SVCB,Изменение,1489,774,-346,369,2286,2025-05-31
SVCB,Количество лиц,450,173,0,12,635,2025-05-31
CBOM,Открытые позиции,3068,19476,16410,2,38956,2025-05-31
CBOM,Изменение,1188,1237,51,2,2478,2025-05-31
CBOM,Количество лиц,133,82,10,1,226,2025-05-31
LKOH,Открытые позиции,13472,12943,104548,105077,236040,2025-05-31
LKOH,Изменение,429,-463,-1717,-825,-2576,2025-05-31
LKOH,Количество лиц,1037,446,15,17,1515,2025-05-31
KMAZ,Открытые позиции,8252,4865,1913,5300,20330,2025-05-31
KMAZ,Изменение,-474,495,832,-137,716,2025-05-31
KMAZ,Количество лиц,168,57,5,6,236,2025-05-31
SNGS,Открытые позиции,10858,972,1680,11566,25076,2025-05-31
SNGS,Изменение,344,-30,-249,125,190,2025-05-31
SNGS,Количество лиц,466,76,6,20,568,2025-05-31
HYDR,Открытые позиции,9041,1782,647,7906,19376,2025-05-31
HYDR,Изменение,-230,-232,-13,-11,-486,2025-05-31
HYDR,Количество лиц,225,61,4,15,305,2025-05-31
NVTK,Открытые позиции,4825,736,629,4718,10908,2025-05-31
NVTK,Изменение,98,3,-73,22,50,2025-05-31
NVTK,Количество лиц,615,138,8,22,783,2025-05-31
FEES,Открытые позиции,6192,1247,402,5347,13188,2025-05-31
FEES,Изменение,123,256,10,-123,266,2025-05-31
FEES,Количество лиц,176,53,2,9,240,2025-05-31
MAGN,Открытые позиции,3052,320,313,3045,6730,2025-05-31
MAGN,Изменение,-18,-89,-117,-46,-270,2025-05-31
MAGN,Количество лиц,324,58,6,7,395,2025-05-31
BSPB,Открытые позиции,7759,12353,4833,239,25184,2025-05-31
BSPB,Изменение,-9,-120,-114,-3,-246,2025-05-31
BSPB,Количество лиц,242,121,8,4,375,2025-05-31
TATN,Открытые позиции,2201,3257,18594,17538,41590,2025-05-31
TATN,Изменение,-137,889,3249,2223,6224,2025-05-31
TATN,Количество лиц,279,157,14,3,453,2025-05-31
FLOT,Открытые позиции,7467,5381,950,3036,16834,2025-05-31
FLOT,Изменение,-189,205,-18,-412,-414,2025-05-31
FLOT,Количество лиц,295,149,7,11,462,2025-05-31
MTSS,Открытые позиции,3032,1499,4520,6053,15104,2025-05-31
MTSS,Изменение,213,63,-69,81,288,2025-05-31
MTSS,Количество лиц,276,100,12,19,407,2025-05-31
TATNP,Открытые позиции,1720,2168,3046,2598,9532,2025-05-31
TATNP,Изменение,-333,315,538,-110,410,2025-05-31
TATNP,Количество лиц,138,86,5,3,232,2025-05-31
CHMF,Открытые позиции,1634,383,494,1745,4256,2025-05-31
CHMF,Изменение,-27,-74,-2,45,-58,2025-05-31
CHMF,Количество лиц,214,73,9,21,317,2025-05-31
RASP,Открытые позиции,6415,5055,332,1692,13494,2025-05-31
RASP,Изменение,-392,367,82,-677,-620,2025-05-31
RASP,Количество лиц,106,66,3,8,183,2025-05-31
IRAO,Открытые позиции,2427,2102,6463,6788,17780,2025-05-31
IRAO,Изменение,-20,-33,-38,-25,-116,2025-05-31
IRAO,Количество лиц,254,123,7,8,392,2025-05-31
SNGSP,Открытые позиции,4379,792,804,4391,10366,2025-05-31
SNGSP,Изменение,115,-14,-83,46,64,2025-05-31
SNGSP,Количество лиц,387,77,11,10,485,2025-05-31
PLZL,Открытые позиции,895,181,948,1662,3686,2025-05-31
PLZL,Изменение,4,16,-1,-13,6,2025-05-31
PLZL,Количество лиц,218,73,5,24,320,2025-05-31
SPBE,Открытые позиции,33113,17161,8240,24192,82706,2025-05-31
SPBE,Изменение,-526,664,505,-685,-42,2025-05-31
SPBE,Количество лиц,652,229,6,13,900,2025-05-31
