Contract Code,Metric,Value1,Value2,Value3,Value4,Value5,Date
IMOEXF,Открытые позиции,368265,148291,37400,257374,811330,2025-01-17
IMOEXF,Изменение,3444,723,6317,9038,19522,2025-01-17
IMOEXF,Количество лиц,5141,2663,32,11,7847,2025-01-17
SBRF-3.25,Открытые позиции,162399,91759,156983,227623,638764,2025-01-17
SBRF-3.25,Изменение,12683,-5041,-12474,5250,418,2025-01-17
SBRF-3.25,Количество лиц,4609,2248,65,52,6974,2025-01-17
GAZR-3.25,Открытые позиции,116491,81836,215767,250422,664516,2025-01-17
GAZR-3.25,Изменение,-1327,-27226,-25980,-81,-54614,2025-01-17
GAZR-3.25,Количество лиц,2733,1795,37,54,4619,2025-01-17
SMLT-3.25,Открытые позиции,271433,178979,302,92756,543470,2025-01-17
SMLT-3.25,Изменение,46431,-25954,-519,71866,91824,2025-01-17
SMLT-3.25,Количество лиц,1098,632,1,42,1773,2025-01-17
GMKN-3.25,Открытые позиции,397520,102255,87374,382639,969788,2025-01-17
GMKN-3.25,Изменение,12886,3085,186,9987,26144,2025-01-17
GMKN-3.25,Количество лиц,1073,564,7,62,1706,2025-01-17
YDEX-3.25,Открытые позиции,200424,34603,12367,178188,425582,2025-01-17
YDEX-3.25,Изменение,2828,-3909,-641,6096,4374,2025-01-17
YDEX-3.25,Количество лиц,1407,386,8,52,1853,2025-01-17
MGNT-3.25,Открытые позиции,46172,59219,190971,177924,474286,2025-01-17
MGNT-3.25,Изменение,3085,-7339,-3646,6778,-1122,2025-01-17
MGNT-3.25,Количество лиц,1021,664,9,52,1746,2025-01-17
ISKJ-3.25,Открытые позиции,12221,8018,0,4203,24442,2025-01-17
ISKJ-3.25,Изменение,-49,74,0,-123,-98,2025-01-17
ISKJ-3.25,Количество лиц,75,53,0,11,139,2025-01-17
VTBR-3.25,Открытые позиции,70643,30726,66645,106562,274576,2025-01-17
VTBR-3.25,Изменение,7530,1987,14748,20291,44556,2025-01-17
VTBR-3.25,Количество лиц,1119,780,13,11,1923,2025-01-17
SGZH-3.25,Открытые позиции,139561,137894,158,1825,279438,2025-01-17
SGZH-3.25,Изменение,-5992,-5492,-235,-735,-12454,2025-01-17
SGZH-3.25,Количество лиц,811,377,1,6,1195,2025-01-17
TRNF-3.25,Открытые позиции,91641,32562,5871,64950,195024,2025-01-17
TRNF-3.25,Изменение,7598,-1963,-1276,8285,12644,2025-01-17
TRNF-3.25,Количество лиц,685,212,3,20,920,2025-01-17
WUSH-3.25,Открытые позиции,47290,16380,0,30910,94580,2025-01-17
WUSH-3.25,Изменение,3279,-2120,-99,5300,6360,2025-01-17
WUSH-3.25,Количество лиц,381,195,0,22,598,2025-01-17
VKCO-3.25,Открытые позиции,54736,43546,1883,13073,113238,2025-01-17
VKCO-3.25,Изменение,13212,3836,-5745,3631,14934,2025-01-17
VKCO-3.25,Количество лиц,824,670,5,23,1522,2025-01-17
ALIBABA-3.25,Открытые позиции,12198,1074,3165,14289,30726,2025-01-17
ALIBABA-3.25,Изменение,-354,-46,0,-308,-708,2025-01-17
ALIBABA-3.25,Количество лиц,523,32,4,3,562,2025-01-17
BAIDU-3.25,Открытые позиции,19273,656,1119,19736,40784,2025-01-17
BAIDU-3.25,Изменение,-536,-89,0,-447,-1072,2025-01-17
BAIDU-3.25,Количество лиц,336,19,2,2,359,2025-01-17
SIBN-3.25,Открытые позиции,17021,10129,53,6945,34148,2025-01-17
SIBN-3.25,Изменение,-1154,-3896,-4,2738,-2316,2025-01-17
SIBN-3.25,Количество лиц,452,184,2,17,655,2025-01-17
SBERF,Открытые позиции,41683,15088,423,27018,84212,2025-01-17
SBERF,Изменение,-2929,77,-23,-3029,-5904,2025-01-17
SBERF,Количество лиц,997,346,4,21,1368,2025-01-17
RNFT-3.25,Открытые позиции,34586,29239,2786,8133,74744,2025-01-17
RNFT-3.25,Изменение,3021,1690,-377,954,5288,2025-01-17
RNFT-3.25,Количество лиц,278,214,3,10,505,2025-01-17
GAZPF,Открытые позиции,47449,24545,10000,32904,114898,2025-01-17
GAZPF,Изменение,-359,63,881,459,1044,2025-01-17
GAZPF,Количество лиц,718,287,9,13,1027,2025-01-17
MVID-3.25,Открытые позиции,31689,62642,30953,0,125284,2025-01-17
MVID-3.25,Изменение,-1208,3896,5104,0,7792,2025-01-17
MVID-3.25,Количество лиц,229,257,4,0,490,2025-01-17
PIKK-3.25,Открытые позиции,5302,24723,22610,3189,55824,2025-01-17
PIKK-3.25,Изменение,106,318,2195,1983,4602,2025-01-17
PIKK-3.25,Количество лиц,225,501,5,15,746,2025-01-17
BELUGA-3.25,Открытые позиции,26918,13668,1005,14255,55846,2025-01-17
BELUGA-3.25,Изменение,3468,2309,-872,287,5192,2025-01-17
BELUGA-3.25,Количество лиц,194,56,1,9,260,2025-01-17
MTLR-3.25,Открытые позиции,9967,22347,12804,424,45542,2025-01-17
MTLR-3.25,Изменение,-63,-8219,-8050,106,-16226,2025-01-17
MTLR-3.25,Количество лиц,458,546,3,8,1015,2025-01-17
POSI-3.25,Открытые позиции,35278,31044,5291,9525,81138,2025-01-17
POSI-3.25,Изменение,1869,2543,735,61,5208,2025-01-17
POSI-3.25,Количество лиц,436,135,3,9,583,2025-01-17
ASTR-3.25,Открытые позиции,51101,25094,64,26071,102330,2025-01-17
ASTR-3.25,Изменение,-2908,-1371,-275,-1812,-6366,2025-01-17
ASTR-3.25,Количество лиц,332,109,2,7,450,2025-01-17
SOFL-3.25,Открытые позиции,11170,1189,0,9981,22340,2025-01-17
SOFL-3.25,Изменение,35,-317,0,352,70,2025-01-17
SOFL-3.25,Количество лиц,135,37,0,11,183,2025-01-17
ALRS-3.25,Открытые позиции,24182,9191,79203,94194,206770,2025-01-17
ALRS-3.25,Изменение,-110,-919,-10,799,-240,2025-01-17
ALRS-3.25,Количество лиц,449,292,3,39,783,2025-01-17
NLMK-3.25,Открытые позиции,33703,4918,2064,30849,71534,2025-01-17
NLMK-3.25,Изменение,855,-168,11,1034,1732,2025-01-17
NLMK-3.25,Количество лиц,466,249,4,28,747,2025-01-17
AFLT-3.25,Открытые позиции,23838,19320,2169,6687,52014,2025-01-17
AFLT-3.25,Изменение,344,-912,-23,1233,642,2025-01-17
AFLT-3.25,Количество лиц,399,425,7,22,853,2025-01-17
BANE-3.25,Открытые позиции,4090,10455,6894,529,21968,2025-01-17
BANE-3.25,Изменение,273,-2091,-2189,175,-3832,2025-01-17
BANE-3.25,Количество лиц,138,138,2,3,281,2025-01-17
RUAL-3.25,Открытые позиции,9620,7314,798,3104,20836,2025-01-17
RUAL-3.25,Изменение,-634,-3539,-244,2661,-1756,2025-01-17
RUAL-3.25,Количество лиц,242,178,6,14,440,2025-01-17
LEAS-3.25,Открытые позиции,37519,5804,69,31784,75176,2025-01-17
LEAS-3.25,Изменение,63,-4204,68,4335,262,2025-01-17
LEAS-3.25,Количество лиц,219,70,1,13,303,2025-01-17
AFKS-3.25,Открытые позиции,6458,15524,13629,4563,40174,2025-01-17
AFKS-3.25,Изменение,872,-2511,-2495,888,-3246,2025-01-17
AFKS-3.25,Количество лиц,258,493,4,23,778,2025-01-17
RTKM-3.25,Открытые позиции,7831,6714,48148,49265,111958,2025-01-17
RTKM-3.25,Изменение,-1011,993,94,-1910,-1834,2025-01-17
RTKM-3.25,Количество лиц,302,163,4,19,488,2025-01-17
SFIN-3.25,Открытые позиции,14978,4814,34,10198,30024,2025-01-17
SFIN-3.25,Изменение,1784,11,34,1807,3636,2025-01-17
SFIN-3.25,Количество лиц,184,64,1,7,256,2025-01-17
MOEX-3.25,Открытые позиции,12840,6866,225,6199,26130,2025-01-17
MOEX-3.25,Изменение,962,-451,20,1433,1964,2025-01-17
MOEX-3.25,Количество лиц,490,228,4,34,756,2025-01-17
SBPR-3.25,Открытые позиции,4436,3229,462,1669,9796,2025-01-17
SBPR-3.25,Изменение,366,233,-163,-30,406,2025-01-17
SBPR-3.25,Количество лиц,283,165,7,12,467,2025-01-17
ROSN-3.25,Открытые позиции,4767,5041,19499,19225,48532,2025-01-17
ROSN-3.25,Изменение,534,-2552,-216,2870,636,2025-01-17
ROSN-3.25,Количество лиц,644,457,9,39,1149,2025-01-17
TCSI-3.25,Открытые позиции,22009,7088,25250,40171,94518,2025-01-17
TCSI-3.25,Изменение,78,177,7161,7062,14478,2025-01-17
TCSI-3.25,Количество лиц,780,369,13,39,1201,2025-01-17
FESH-3.25,Открытые позиции,6916,8222,1373,67,16578,2025-01-17
FESH-3.25,Изменение,-177,1080,1173,-84,1992,2025-01-17
FESH-3.25,Количество лиц,131,149,3,2,285,2025-01-17
PHOR-3.25,Открытые позиции,42798,8810,298,34286,86192,2025-01-17
PHOR-3.25,Изменение,479,-420,-155,744,648,2025-01-17
PHOR-3.25,Количество лиц,226,220,3,22,471,2025-01-17
SVCB-3.25,Открытые позиции,49566,12309,871,38128,100874,2025-01-17
SVCB-3.25,Изменение,592,-2266,-1205,1653,-1226,2025-01-17
SVCB-3.25,Количество лиц,258,143,2,15,418,2025-01-17
CBOM-3.25,Открытые позиции,1082,10992,10021,111,22206,2025-01-17
CBOM-3.25,Изменение,5,-458,-522,-59,-1034,2025-01-17
CBOM-3.25,Количество лиц,62,242,2,4,310,2025-01-17
LKOH-3.25,Открытые позиции,5606,5154,6865,7317,24942,2025-01-17
LKOH-3.25,Изменение,9,-789,-235,563,-452,2025-01-17
LKOH-3.25,Количество лиц,620,440,13,35,1108,2025-01-17
KMAZ-3.25,Открытые позиции,5942,2224,32,3750,11948,2025-01-17
KMAZ-3.25,Изменение,-260,74,-71,-405,-662,2025-01-17
KMAZ-3.25,Количество лиц,135,71,1,8,215,2025-01-17
SNGR-3.25,Открытые позиции,12527,2446,2117,12198,29288,2025-01-17
SNGR-3.25,Изменение,-663,-272,27,-364,-1272,2025-01-17
SNGR-3.25,Количество лиц,370,156,7,37,570,2025-01-17
HYDR-3.25,Открытые позиции,4583,3069,1183,2697,11532,2025-01-17
HYDR-3.25,Изменение,276,-528,-239,565,74,2025-01-17
HYDR-3.25,Количество лиц,191,90,2,9,292,2025-01-17
NOTK-3.25,Открытые позиции,3661,2106,732,2287,8786,2025-01-17
NOTK-3.25,Изменение,136,-234,9,379,290,2025-01-17
NOTK-3.25,Количество лиц,387,311,3,22,723,2025-01-17
T-6.25,Открытые позиции,8361,4489,0,3872,16722,2025-01-17
T-6.25,Изменение,2506,1497,-17,992,4978,2025-01-17
T-6.25,Количество лиц,179,55,0,4,238,2025-01-17
FEES-3.25,Открытые позиции,4688,942,107,3853,9590,2025-01-17
FEES-3.25,Изменение,-704,-169,-6,-541,-1420,2025-01-17
FEES-3.25,Количество лиц,209,80,1,12,302,2025-01-17
MAGN-3.25,Открытые позиции,1598,1082,830,1346,4856,2025-01-17
MAGN-3.25,Изменение,303,61,-64,178,478,2025-01-17
MAGN-3.25,Количество лиц,193,109,4,5,311,2025-01-17
BSPB-3.25,Открытые позиции,10466,9924,3607,4149,28146,2025-01-17
BSPB-3.25,Изменение,-340,-89,-157,-408,-994,2025-01-17
BSPB-3.25,Количество лиц,259,197,2,15,473,2025-01-17
TATN-3.25,Открытые позиции,874,2097,1285,62,4318,2025-01-17
TATN-3.25,Изменение,-101,301,76,-326,-50,2025-01-17
TATN-3.25,Количество лиц,144,155,7,7,313,2025-01-17
FLOT-3.25,Открытые позиции,7445,6753,2539,3231,19968,2025-01-17
FLOT-3.25,Изменение,561,686,-30,-155,1062,2025-01-17
FLOT-3.25,Количество лиц,298,229,4,5,536,2025-01-17
MTSI-3.25,Открытые позиции,3444,4117,1145,472,9178,2025-01-17
MTSI-3.25,Изменение,250,213,-35,2,430,2025-01-17
MTSI-3.25,Количество лиц,243,258,4,12,517,2025-01-17
TATP-3.25,Открытые позиции,2566,782,138,1922,5408,2025-01-17
TATP-3.25,Изменение,256,-26,20,302,552,2025-01-17
TATP-3.25,Количество лиц,99,47,2,9,157,2025-01-17
CHMF-3.25,Открытые позиции,548,484,253,317,1602,2025-01-17
CHMF-3.25,Изменение,11,28,-21,-38,-20,2025-01-17
CHMF-3.25,Количество лиц,133,114,6,10,263,2025-01-17
RASP-3.25,Открытые позиции,3069,2706,725,1088,7588,2025-01-17
RASP-3.25,Изменение,-646,224,250,-620,-792,2025-01-17
RASP-3.25,Количество лиц,60,67,2,4,133,2025-01-17
IRAO-3.25,Открытые позиции,1306,430,961,1837,4534,2025-01-17
IRAO-3.25,Изменение,48,14,9,43,114,2025-01-17
IRAO-3.25,Количество лиц,181,44,3,13,241,2025-01-17
SNGP-3.25,Открытые позиции,2074,1833,241,482,4630,2025-01-17
SNGP-3.25,Изменение,260,-18,-143,135,234,2025-01-17
SNGP-3.25,Количество лиц,273,103,5,11,392,2025-01-17
PLZL-3.25,Открытые позиции,1062,993,576,645,3276,2025-01-17
PLZL-3.25,Изменение,143,-132,-76,199,134,2025-01-17
PLZL-3.25,Количество лиц,187,140,9,11,347,2025-01-17
SPBE-3.25,Открытые позиции,1400,165,0,1235,2800,2025-01-17
SPBE-3.25,Изменение,67,46,-3,18,128,2025-01-17
SPBE-3.25,Количество лиц,37,17,0,6,60,2025-01-17
