Contract Code,Metric,Value1,Value2,Value3,Value4,Value5,Date
IMOEXF,Открытые позиции,421404,166604,31157,285957,905122,2025-01-23
IMOEXF,Изменение,7672,7513,-875,-716,13594,2025-01-23
IMOEXF,Количество лиц,5172,2750,25,16,7963,2025-01-23
SBRF-3.25,Открытые позиции,156146,97638,170080,228588,652452,2025-01-23
SBRF-3.25,Изменение,7753,-602,-4879,3476,5748,2025-01-23
SBRF-3.25,Количество лиц,4407,2239,62,64,6772,2025-01-23
GAZR-3.25,Открытые позиции,151560,80953,194561,265168,692242,2025-01-23
GAZR-3.25,Изменение,10622,-6168,-11681,5109,-2118,2025-01-23
GAZR-3.25,Количество лиц,2781,1834,34,70,4719,2025-01-23
SMLT-3.25,Открытые позиции,254797,201465,1806,55138,513206,2025-01-23
SMLT-3.25,Изменение,5473,-12644,-1667,16450,7612,2025-01-23
SMLT-3.25,Количество лиц,1041,1056,2,38,2137,2025-01-23
GMKN-3.25,Открытые позиции,395995,96925,89480,388550,970950,2025-01-23
GMKN-3.25,Изменение,16879,-5687,1419,23985,36596,2025-01-23
GMKN-3.25,Количество лиц,1069,595,9,66,1739,2025-01-23
YDEX-3.25,Открытые позиции,192396,32346,12285,172335,409362,2025-01-23
YDEX-3.25,Изменение,15987,-4183,-40,20130,31894,2025-01-23
YDEX-3.25,Количество лиц,1377,392,5,66,1840,2025-01-23
MGNT-3.25,Открытые позиции,61940,71655,188375,178660,500630,2025-01-23
MGNT-3.25,Изменение,6188,308,-16918,-11038,-21460,2025-01-23
MGNT-3.25,Количество лиц,1055,730,8,56,1849,2025-01-23
ISKJ-3.25,Открытые позиции,12966,6915,0,6051,25932,2025-01-23
ISKJ-3.25,Изменение,278,418,0,-140,556,2025-01-23
ISKJ-3.25,Количество лиц,85,47,0,13,145,2025-01-23
VTBR-3.25,Открытые позиции,78916,35661,66970,110225,291772,2025-01-23
VTBR-3.25,Изменение,5693,970,-1225,3498,8936,2025-01-23
VTBR-3.25,Количество лиц,1184,807,13,23,2027,2025-01-23
SGZH-3.25,Открытые позиции,120557,116596,0,3961,241114,2025-01-23
SGZH-3.25,Изменение,444,-901,-66,1279,756,2025-01-23
SGZH-3.25,Количество лиц,765,401,0,7,1173,2025-01-23
TRNF-3.25,Открытые позиции,91609,34931,6799,63477,196816,2025-01-23
TRNF-3.25,Изменение,1952,-4462,-51,6363,3802,2025-01-23
TRNF-3.25,Количество лиц,637,248,5,15,905,2025-01-23
WUSH-3.25,Открытые позиции,52456,17022,0,35434,104912,2025-01-23
WUSH-3.25,Изменение,2776,230,0,2546,5552,2025-01-23
WUSH-3.25,Количество лиц,390,189,0,18,597,2025-01-23
VKCO-3.25,Открытые позиции,51860,41386,4346,14820,112412,2025-01-23
VKCO-3.25,Изменение,-602,5173,1102,-4673,1000,2025-01-23
VKCO-3.25,Количество лиц,811,578,10,19,1418,2025-01-23
ALIBABA-3.25,Открытые позиции,9967,813,3165,12319,26264,2025-01-23
ALIBABA-3.25,Изменение,-299,10,0,-309,-598,2025-01-23
ALIBABA-3.25,Количество лиц,372,42,4,2,420,2025-01-23
BAIDU-3.25,Открытые позиции,18921,869,1119,19171,40080,2025-01-23
BAIDU-3.25,Изменение,1482,-115,0,1597,2964,2025-01-23
BAIDU-3.25,Количество лиц,274,26,2,2,304,2025-01-23
SIBN-3.25,Открытые позиции,14061,8217,64,5908,28250,2025-01-23
SIBN-3.25,Изменение,-2934,936,14,-3856,-5840,2025-01-23
SIBN-3.25,Количество лиц,392,171,3,17,583,2025-01-23
SBERF,Открытые позиции,43534,16313,423,27644,87914,2025-01-23
SBERF,Изменение,106,444,-57,-395,98,2025-01-23
SBERF,Количество лиц,1019,350,4,23,1396,2025-01-23
RNFT-3.25,Открытые позиции,28480,55076,29335,2739,115630,2025-01-23
RNFT-3.25,Изменение,8057,10735,1567,-1111,19248,2025-01-23
RNFT-3.25,Количество лиц,308,497,3,5,813,2025-01-23
GAZPF,Открытые позиции,48266,23013,8106,33359,112744,2025-01-23
GAZPF,Изменение,-149,43,647,455,996,2025-01-23
GAZPF,Количество лиц,717,311,8,18,1054,2025-01-23
MVID-3.25,Открытые позиции,29617,49686,20069,0,99372,2025-01-23
MVID-3.25,Изменение,619,1509,762,-128,2762,2025-01-23
MVID-3.25,Количество лиц,218,225,4,0,447,2025-01-23
PIKK-3.25,Открытые позиции,8103,67738,61568,1933,139342,2025-01-23
PIKK-3.25,Изменение,-45,1301,2083,737,4076,2025-01-23
PIKK-3.25,Количество лиц,292,1300,6,12,1610,2025-01-23
BELUGA-3.25,Открытые позиции,37781,17935,0,19846,75562,2025-01-23
BELUGA-3.25,Изменение,2087,652,-995,440,2184,2025-01-23
BELUGA-3.25,Количество лиц,226,76,0,7,309,2025-01-23
MTLR-3.25,Открытые позиции,13032,23218,10619,433,47302,2025-01-23
MTLR-3.25,Изменение,392,-1730,-1933,189,-3082,2025-01-23
MTLR-3.25,Количество лиц,471,572,5,7,1055,2025-01-23
POSI-3.25,Открытые позиции,48391,34236,110,14265,97002,2025-01-23
POSI-3.25,Изменение,10049,1581,-190,8278,19718,2025-01-23
POSI-3.25,Количество лиц,614,176,3,17,810,2025-01-23
ASTR-3.25,Открытые позиции,47534,21493,206,26247,95480,2025-01-23
ASTR-3.25,Изменение,1161,-1149,0,2310,2322,2025-01-23
ASTR-3.25,Количество лиц,342,110,2,9,463,2025-01-23
SOFL-3.25,Открытые позиции,13953,1261,108,12800,28122,2025-01-23
SOFL-3.25,Изменение,21,98,7,-70,56,2025-01-23
SOFL-3.25,Количество лиц,150,35,1,9,195,2025-01-23
ALRS-3.25,Открытые позиции,26475,8875,79333,96933,211616,2025-01-23
ALRS-3.25,Изменение,1052,-606,-64,1594,1976,2025-01-23
ALRS-3.25,Количество лиц,476,269,6,38,789,2025-01-23
NLMK-3.25,Открытые позиции,33758,4423,2073,31408,71662,2025-01-23
NLMK-3.25,Изменение,747,-174,11,932,1516,2025-01-23
NLMK-3.25,Количество лиц,458,256,3,26,743,2025-01-23
AFLT-3.25,Открытые позиции,25411,17423,594,8582,52010,2025-01-23
AFLT-3.25,Изменение,393,-1081,32,1506,850,2025-01-23
AFLT-3.25,Количество лиц,405,397,5,25,832,2025-01-23
BANE-3.25,Открытые позиции,4336,15652,11535,219,31742,2025-01-23
BANE-3.25,Изменение,698,3976,3347,69,8090,2025-01-23
BANE-3.25,Количество лиц,145,181,2,2,330,2025-01-23
RUAL-3.25,Открытые позиции,7467,9886,3237,818,21408,2025-01-23
RUAL-3.25,Изменение,-578,1356,1087,-847,1018,2025-01-23
RUAL-3.25,Количество лиц,235,181,6,7,429,2025-01-23
LEAS-3.25,Открытые позиции,40294,5517,69,34846,80726,2025-01-23
LEAS-3.25,Изменение,558,260,0,298,1116,2025-01-23
LEAS-3.25,Количество лиц,226,69,1,13,309,2025-01-23
AFKS-3.25,Открытые позиции,7870,12830,8436,3476,32612,2025-01-23
AFKS-3.25,Изменение,527,-111,-269,369,516,2025-01-23
AFKS-3.25,Количество лиц,320,412,4,19,755,2025-01-23
RTKM-3.25,Открытые позиции,7353,8059,48367,47661,111440,2025-01-23
RTKM-3.25,Изменение,-139,271,0,-410,-278,2025-01-23
RTKM-3.25,Количество лиц,283,159,3,22,467,2025-01-23
SFIN-3.25,Открытые позиции,17231,4670,17,12578,34496,2025-01-23
SFIN-3.25,Изменение,300,-75,-17,358,566,2025-01-23
SFIN-3.25,Количество лиц,204,54,1,7,266,2025-01-23
MOEX-3.25,Открытые позиции,16032,5831,251,10452,32566,2025-01-23
MOEX-3.25,Изменение,1289,-1029,70,2388,2718,2025-01-23
MOEX-3.25,Количество лиц,518,212,5,42,777,2025-01-23
SBPR-3.25,Открытые позиции,4505,2647,476,2334,9962,2025-01-23
SBPR-3.25,Изменение,177,-202,20,399,394,2025-01-23
SBPR-3.25,Количество лиц,300,144,7,16,467,2025-01-23
ROSN-3.25,Открытые позиции,5740,4244,17335,18831,46150,2025-01-23
ROSN-3.25,Изменение,732,-222,-624,330,216,2025-01-23
ROSN-3.25,Количество лиц,637,435,7,41,1120,2025-01-23
TCSI-3.25,Открытые позиции,20846,6843,142,14145,41976,2025-01-23
TCSI-3.25,Изменение,1056,109,-49,898,2014,2025-01-23
TCSI-3.25,Количество лиц,765,302,4,25,1096,2025-01-23
FESH-3.25,Открытые позиции,8587,7410,191,1368,17556,2025-01-23
FESH-3.25,Изменение,479,332,-118,29,722,2025-01-23
FESH-3.25,Количество лиц,148,146,1,4,299,2025-01-23
PHOR-3.25,Открытые позиции,41875,10290,442,32027,84634,2025-01-23
PHOR-3.25,Изменение,203,1658,42,-1413,490,2025-01-23
PHOR-3.25,Количество лиц,199,236,3,17,455,2025-01-23
SVCB-3.25,Открытые позиции,35694,10429,442,25707,72272,2025-01-23
SVCB-3.25,Изменение,2648,-473,78,3199,5452,2025-01-23
SVCB-3.25,Количество лиц,271,128,2,11,412,2025-01-23
CBOM-3.25,Открытые позиции,1472,9400,8729,801,20402,2025-01-23
CBOM-3.25,Изменение,102,-300,-327,75,-450,2025-01-23
CBOM-3.25,Количество лиц,72,192,1,10,275,2025-01-23
LKOH-3.25,Открытые позиции,5745,4872,6777,7650,25044,2025-01-23
LKOH-3.25,Изменение,390,-58,171,619,1122,2025-01-23
LKOH-3.25,Количество лиц,635,448,15,37,1135,2025-01-23
KMAZ-3.25,Открытые позиции,5130,2292,0,2838,10260,2025-01-23
KMAZ-3.25,Изменение,388,-140,-22,506,732,2025-01-23
KMAZ-3.25,Количество лиц,129,70,0,11,210,2025-01-23
SNGR-3.25,Открытые позиции,10888,4816,2311,8383,26398,2025-01-23
SNGR-3.25,Изменение,-1531,2007,66,-3472,-2930,2025-01-23
SNGR-3.25,Количество лиц,369,418,7,40,834,2025-01-23
HYDR-3.25,Открытые позиции,4486,3220,731,1997,10434,2025-01-23
HYDR-3.25,Изменение,-105,-61,49,5,-112,2025-01-23
HYDR-3.25,Количество лиц,185,91,4,10,290,2025-01-23
NOTK-3.25,Открытые позиции,4037,2452,757,2342,9588,2025-01-23
NOTK-3.25,Изменение,88,555,1,-466,178,2025-01-23
NOTK-3.25,Количество лиц,444,323,4,22,793,2025-01-23
T-6.25,Открытые позиции,12732,7797,0,4935,25464,2025-01-23
T-6.25,Изменение,171,96,0,75,342,2025-01-23
T-6.25,Количество лиц,196,52,0,4,252,2025-01-23
FEES-3.25,Открытые позиции,5200,687,97,4610,10594,2025-01-23
FEES-3.25,Изменение,170,-59,-35,194,270,2025-01-23
FEES-3.25,Количество лиц,226,68,1,13,308,2025-01-23
MAGN-3.25,Открытые позиции,1622,1238,846,1230,4936,2025-01-23
MAGN-3.25,Изменение,184,-82,-226,40,-84,2025-01-23
MAGN-3.25,Количество лиц,215,120,6,8,349,2025-01-23
BSPB-3.25,Открытые позиции,11587,9467,3589,5709,30352,2025-01-23
BSPB-3.25,Изменение,497,-38,55,590,1104,2025-01-23
BSPB-3.25,Количество лиц,303,216,2,17,538,2025-01-23
TATN-3.25,Открытые позиции,910,2868,2090,132,6000,2025-01-23
TATN-3.25,Изменение,4,148,181,37,370,2025-01-23
TATN-3.25,Количество лиц,147,170,11,7,335,2025-01-23
FLOT-3.25,Открытые позиции,6828,6056,2643,3415,18942,2025-01-23
FLOT-3.25,Изменение,-1503,66,158,-1411,-2690,2025-01-23
FLOT-3.25,Количество лиц,280,174,4,6,464,2025-01-23
MTSI-3.25,Открытые позиции,2984,5174,2436,246,10840,2025-01-23
MTSI-3.25,Изменение,73,294,218,-3,582,2025-01-23
MTSI-3.25,Количество лиц,237,253,11,8,509,2025-01-23
TATP-3.25,Открытые позиции,2828,983,120,1965,5896,2025-01-23
TATP-3.25,Изменение,128,15,0,113,256,2025-01-23
TATP-3.25,Количество лиц,100,55,1,8,164,2025-01-23
CHMF-3.25,Открытые позиции,705,689,283,299,1976,2025-01-23
CHMF-3.25,Изменение,73,-12,-19,66,108,2025-01-23
CHMF-3.25,Количество лиц,158,130,4,15,307,2025-01-23
RASP-3.25,Открытые позиции,3385,3680,1346,1051,9462,2025-01-23
RASP-3.25,Изменение,-188,643,681,-150,986,2025-01-23
RASP-3.25,Количество лиц,69,87,1,5,162,2025-01-23
IRAO-3.25,Открытые позиции,1801,468,937,2270,5476,2025-01-23
IRAO-3.25,Изменение,90,17,5,78,190,2025-01-23
IRAO-3.25,Количество лиц,196,51,4,14,265,2025-01-23
SNGP-3.25,Открытые позиции,2263,1786,130,607,4786,2025-01-23
SNGP-3.25,Изменение,-9,-71,20,82,22,2025-01-23
SNGP-3.25,Количество лиц,285,117,6,16,424,2025-01-23
PLZL-3.25,Открытые позиции,756,1275,1369,850,4250,2025-01-23
PLZL-3.25,Изменение,-232,48,298,18,132,2025-01-23
PLZL-3.25,Количество лиц,178,218,9,16,421,2025-01-23
SPBE-3.25,Открытые позиции,1600,98,0,1502,3200,2025-01-23
SPBE-3.25,Изменение,-24,6,-14,-44,-76,2025-01-23
SPBE-3.25,Количество лиц,39,16,0,6,61,2025-01-23
