Contract Code,Metric,Value1,Value2,Value3,Value4,Value5,Date
SGZH-12.24,Открытые позиции,138367,155856,18489,1000,313712,2024-12-26
ALRS-12.24,Изменение,1565,25,-13627,-12087,-24124,2024-12-26
SGZH-12.24,Количество лиц,755,433,4,3,1195,2024-12-26
GAZR-12.24,Открытые позиции,147381,104477,186614,229518,667990,2024-12-26
SGZH-12.24,Изменение,12948,5718,-6513,717,12870,2024-12-26
GAZR-12.24,Количество лиц,2257,1795,28,29,4109,2024-12-26
GMKN-12.24,Открытые позиции,322485,86448,47756,283793,740482,2024-12-26
SMLT-12.24,Изменение,22622,18214,-6200,-1792,32844,2024-12-26
GMKN-12.24,Количество лиц,900,429,9,45,1383,2024-12-26
SBRF-12.24,Открытые позиции,182420,128843,104876,158453,574592,2024-12-26
MVID-12.24,Изменение,4561,-151,-4709,3,-296,2024-12-26
SBRF-12.24,Количество лиц,4252,2453,63,32,6800,2024-12-26
SMLT-12.24,Открытые позиции,177971,199035,21645,581,399232,2024-12-26
PIKK-12.24,Изменение,564,-2733,-3328,-31,-5528,2024-12-26
SMLT-12.24,Количество лиц,820,715,12,4,1551,2024-12-26
VTBR-12.24,Открытые позиции,76346,26599,21523,71270,195738,2024-12-26
VTBR-12.24,Изменение,-5779,663,-2842,-9284,-17242,2024-12-26
VTBR-12.24,Количество лиц,1248,648,10,9,1915,2024-12-26
YDEX-12.24,Открытые позиции,185610,33923,6739,158426,384698,2024-12-26
VKCO-12.24,Изменение,3901,-3129,-1497,5533,4808,2024-12-26
YDEX-12.24,Количество лиц,1207,380,8,53,1648,2024-12-26
MGNT-12.24,Открытые позиции,37864,33500,24650,29014,125028,2024-12-26
CBOM-12.24,Изменение,131,-614,-807,-62,-1352,2024-12-26
MGNT-12.24,Количество лиц,709,358,14,5,1086,2024-12-26
GAZPF,Открытые позиции,55385,32847,15521,38059,141812,2024-12-26
AFLT-12.24,Изменение,981,-5304,-777,5508,408,2024-12-26
GAZPF,Количество лиц,795,264,5,14,1078,2024-12-26
TRNF-12.24,Открытые позиции,73314,34641,2981,41654,152590,2024-12-26
MTSI-12.24,Изменение,0,-168,-244,-76,-488,2024-12-26
TRNF-12.24,Количество лиц,598,204,3,11,816,2024-12-26
VKCO-12.24,Открытые позиции,37781,24016,1662,15427,78886,2024-12-26
TATN-12.24,Изменение,46,-168,-218,-4,-344,2024-12-26
VKCO-12.24,Количество лиц,535,390,4,23,952,2024-12-26
ALRS-12.24,Открытые позиции,22609,9676,85429,98362,216076,2024-12-26
FEES-12.24,Изменение,191,-378,-111,458,160,2024-12-26
ALRS-12.24,Количество лиц,463,264,9,27,763,2024-12-26
LKOH-12.24,Открытые позиции,5246,4811,5682,6117,21856,2024-12-26
KMAZ-12.24,Изменение,-717,631,-87,-1435,-1608,2024-12-26
LKOH-12.24,Количество лиц,529,441,12,23,1005,2024-12-26
RTKM-12.24,Открытые позиции,7215,4777,48046,50484,110522,2024-12-26
SNGR-12.24,Изменение,1163,-24,-75,1112,2176,2024-12-26
RTKM-12.24,Количество лиц,244,133,3,19,399,2024-12-26
MVID-12.24,Открытые позиции,47951,67193,19247,5,134396,2024-12-26
MOEX-12.24,Изменение,-1186,381,-42,-1609,-2456,2024-12-26
MVID-12.24,Количество лиц,220,259,1,3,483,2024-12-26
RNFT-12.24,Открытые позиции,25104,10879,0,14225,50208,2024-12-26
IRAO-12.24,Изменение,22,28,-19,-25,6,2024-12-26
RNFT-12.24,Количество лиц,183,114,0,12,309,2024-12-26
LEAS-12.24,Открытые позиции,15430,10700,579,5309,32018,2024-12-26
SPBE-12.24,Изменение,23,-18,-18,23,10,2024-12-26
LEAS-12.24,Количество лиц,138,71,3,7,219,2024-12-26
MTLR-12.24,Открытые позиции,9844,24999,15461,306,50610,2024-12-26
CHMF-12.24,Изменение,86,-5,-11,80,150,2024-12-26
MTLR-12.24,Количество лиц,316,398,4,6,724,2024-12-26
SBERF,Открытые позиции,40797,15922,1311,26186,84216,2024-12-26
NOTK-12.24,Изменение,629,2,-5,622,1248,2024-12-26
SBERF,Количество лиц,1013,365,4,19,1401,2024-12-26
PIKK-12.24,Открытые позиции,4988,26686,22634,936,55244,2024-12-26
SIBN-12.24,Изменение,890,45,-4,841,1772,2024-12-26
PIKK-12.24,Количество лиц,191,472,6,8,677,2024-12-26
AFLT-12.24,Открытые позиции,18087,12448,1631,7270,39436,2024-12-26
RNFT-12.24,Изменение,-5366,-2756,-3,-2613,-10738,2024-12-26
AFLT-12.24,Количество лиц,359,308,5,22,694,2024-12-26
BANE-12.24,Открытые позиции,3137,12556,9501,82,25276,2024-12-26
SBERF,Изменение,1821,1067,0,754,3642,2024-12-26
BANE-12.24,Количество лиц,100,152,1,1,254,2024-12-26
RUAL-12.24,Открытые позиции,12219,8938,686,3967,25810,2024-12-26
POSI-12.24,Изменение,5714,489,0,5225,11428,2024-12-26
RUAL-12.24,Количество лиц,220,135,5,14,374,2024-12-26
POSI-12.24,Открытые позиции,34782,11130,10,23662,69584,2024-12-26
TCSI-12.24,Изменение,178,332,0,-154,356,2024-12-26
POSI-12.24,Количество лиц,388,152,1,18,559,2024-12-26
TCSI-12.24,Открытые позиции,16928,4530,1630,14028,37116,2024-12-26
ASTR-12.24,Изменение,950,-130,0,1080,1900,2024-12-26
TCSI-12.24,Количество лиц,674,213,3,21,911,2024-12-26
ASTR-12.24,Открытые позиции,37664,10844,0,26820,75328,2024-12-26
WUSH-12.24,Изменение,-161,-793,0,632,-322,2024-12-26
ASTR-12.24,Количество лиц,231,107,0,10,348,2024-12-26
MOEX-12.24,Открытые позиции,7084,4187,172,3069,14512,2024-12-26
NLMK-12.24,Изменение,768,-97,0,865,1536,2024-12-26
MOEX-12.24,Количество лиц,400,222,4,24,650,2024-12-26
AFKS-12.24,Открытые позиции,2742,19422,17696,1016,40876,2024-12-26
BAIDU-12.24,Изменение,13,12,0,1,26,2024-12-26
AFKS-12.24,Количество лиц,203,486,3,13,705,2024-12-26
ROSN-12.24,Открытые позиции,3549,5898,8584,6235,24266,2024-12-26
RASP-12.24,Изменение,-33,135,0,-168,-66,2024-12-26
ROSN-12.24,Количество лиц,455,424,11,10,900,2024-12-26
WUSH-12.24,Открытые позиции,19066,9046,0,10020,38132,2024-12-26
SOFL-12.24,Изменение,328,414,0,-86,656,2024-12-26
WUSH-12.24,Количество лиц,229,155,0,13,397,2024-12-26
HYDR-12.24,Открытые позиции,4580,3525,876,1931,10912,2024-12-26
SFIN-12.24,Изменение,2383,225,0,2158,4766,2024-12-26
HYDR-12.24,Количество лиц,177,105,3,5,290,2024-12-26
NLMK-12.24,Открытые позиции,34300,4700,2063,31663,72726,2024-12-26
ALIBABA-12.24,Изменение,-63,-19,0,-44,-126,2024-12-26
NLMK-12.24,Количество лиц,441,249,2,25,717,2024-12-26
BAIDU-12.24,Открытые позиции,3097,147,0,2950,6194,2024-12-26
ISKJ-12.24,Изменение,151,-982,0,1133,302,2024-12-26
BAIDU-12.24,Количество лиц,139,10,0,3,152,2024-12-26
PHOR-12.24,Открытые позиции,35451,6502,121,29070,71144,2024-12-26
TATP-12.24,Изменение,-33,-69,0,36,-66,2024-12-26
PHOR-12.24,Количество лиц,174,179,2,22,377,2024-12-26
BSPB-12.24,Открытые позиции,10272,8989,3846,5129,28236,2024-12-26
FESH-12.24,Изменение,10,134,4,-120,28,2024-12-26
BSPB-12.24,Количество лиц,239,201,3,12,455,2024-12-26
SIBN-12.24,Открытые позиции,9429,4961,10,4478,18878,2024-12-26
YDEX-12.24,Изменение,13327,-7326,7,20660,26668,2024-12-26
SIBN-12.24,Количество лиц,301,131,2,15,449,2024-12-26
SBPR-12.24,Открытые позиции,4819,2909,488,2398,10614,2024-12-26
RTKM-12.24,Изменение,466,338,27,155,986,2024-12-26
SBPR-12.24,Количество лиц,260,152,6,14,432,2024-12-26
SNGR-12.24,Открытые позиции,8658,1021,2038,9675,21392,2024-12-26
MAGN-12.24,Изменение,-86,132,30,-188,-112,2024-12-26
SNGR-12.24,Количество лиц,350,65,5,28,448,2024-12-26
RASP-12.24,Открытые позиции,4426,3032,0,1394,8852,2024-12-26
PHOR-12.24,Изменение,11737,312,54,11479,23582,2024-12-26
RASP-12.24,Количество лиц,62,76,0,7,145,2024-12-26
CBOM-12.24,Открытые позиции,918,13794,13151,275,28138,2024-12-26
SNGP-12.24,Изменение,-193,-83,64,-46,-258,2024-12-26
CBOM-12.24,Количество лиц,54,296,3,3,356,2024-12-26
MTSI-12.24,Открытые позиции,3030,3960,1372,442,8804,2024-12-26
SBPR-12.24,Изменение,-208,280,67,-421,-282,2024-12-26
MTSI-12.24,Количество лиц,221,244,6,9,480,2024-12-26
FLOT-12.24,Открытые позиции,2261,2869,941,333,6404,2024-12-26
PLZL-12.24,Изменение,-37,67,74,-30,74,2024-12-26
FLOT-12.24,Количество лиц,142,118,4,5,269,2024-12-26
SVCB-12.24,Открытые позиции,34616,19833,4660,19443,78552,2024-12-26
ROSN-12.24,Изменение,-457,-289,83,-85,-748,2024-12-26
SVCB-12.24,Количество лиц,207,128,4,6,345,2024-12-26
SOFL-12.24,Открытые позиции,10092,3077,0,7015,20184,2024-12-26
RUAL-12.24,Изменение,3434,1502,109,2041,7086,2024-12-26
SOFL-12.24,Количество лиц,118,45,0,9,172,2024-12-26
TATN-12.24,Открытые позиции,773,1236,506,43,2558,2024-12-26
AFKS-12.24,Изменение,104,639,118,-417,444,2024-12-26
TATN-12.24,Количество лиц,152,128,6,4,290,2024-12-26
KMAZ-12.24,Открытые позиции,7307,4764,42,2585,14698,2024-12-26
BSPB-12.24,Изменение,648,-1508,136,2292,1568,2024-12-26
KMAZ-12.24,Количество лиц,103,79,1,9,192,2024-12-26
SFIN-12.24,Открытые позиции,10149,6154,0,3995,20298,2024-12-26
HYDR-12.24,Изменение,-171,-99,160,88,-22,2024-12-26
SFIN-12.24,Количество лиц,159,106,0,6,271,2024-12-26
FEES-12.24,Открытые позиции,5801,1493,34,4342,11670,2024-12-26
MTLR-12.24,Изменение,-521,-89,185,-247,-672,2024-12-26
FEES-12.24,Количество лиц,163,81,1,10,255,2024-12-26
PLZL-12.24,Открытые позиции,790,986,720,524,3020,2024-12-26
BANE-12.24,Изменение,-12,294,287,-19,550,2024-12-26
PLZL-12.24,Количество лиц,183,85,7,10,285,2024-12-26
ALIBABA-12.24,Открытые позиции,6963,577,2600,8986,19126,2024-12-26
FLOT-12.24,Изменение,259,610,349,-2,1216,2024-12-26
ALIBABA-12.24,Количество лиц,278,19,2,3,302,2024-12-26
SNGP-12.24,Открытые позиции,1999,1930,320,389,4638,2024-12-26
LEAS-12.24,Изменение,-1995,1388,578,-2805,-2834,2024-12-26
SNGP-12.24,Количество лиц,228,84,8,7,327,2024-12-26
IRAO-12.24,Открытые позиции,1087,237,942,1792,4058,2024-12-26
GMKN-12.24,Изменение,46553,18701,640,28492,94386,2024-12-26
IRAO-12.24,Количество лиц,143,34,4,9,190,2024-12-26
NOTK-12.24,Открытые позиции,3860,897,74,3037,7868,2024-12-26
LKOH-12.24,Изменение,425,206,1062,1281,2974,2024-12-26
NOTK-12.24,Количество лиц,381,144,3,18,546,2024-12-26
ISKJ-12.24,Открытые позиции,16919,10141,0,6778,33838,2024-12-26
TRNF-12.24,Изменение,-14397,9526,2410,-21513,-23974,2024-12-26
ISKJ-12.24,Количество лиц,43,42,0,8,93,2024-12-26
MAGN-12.24,Открытые позиции,806,913,416,309,2444,2024-12-26
GAZPF,Изменение,-5389,-3951,2534,1096,-5710,2024-12-26
MAGN-12.24,Количество лиц,129,112,3,3,247,2024-12-26
TATP-12.24,Открытые позиции,1576,565,5,1016,3162,2024-12-26
SVCB-12.24,Изменение,7674,4873,4361,7162,24070,2024-12-26
TATP-12.24,Количество лиц,64,40,1,5,110,2024-12-26
FESH-12.24,Открытые позиции,4130,1454,4,2680,8268,2024-12-26
MGNT-12.24,Изменение,-8488,4687,8685,-4490,394,2024-12-26
FESH-12.24,Количество лиц,88,87,1,10,186,2024-12-26
SPBE-12.24,Открытые позиции,297,39,0,258,594,2024-12-26
SBRF-12.24,Изменение,19607,14535,22876,27948,84966,2024-12-26
SPBE-12.24,Количество лиц,20,5,0,3,28,2024-12-26
CHMF-12.24,Открытые позиции,424,323,297,398,1442,2024-12-26
GAZR-12.24,Изменение,-3477,24893,54855,26485,102756,2024-12-26
CHMF-12.24,Количество лиц,102,92,7,10,211,2024-12-26